Frac_B	N	N_a	N_b	Med_KE_A	Med_KE_B	Radius_A	Radius_B	Med_KE	Q1_KE	Q3_KE	Med_time	Q1_endtime	Q3_endtime	Med_AUDPC	Q1_AUDPC	 Q3_AUDPC	Med_AUDPC_SPS	Q1_AUDPC_SPS	Q3_AUDPC_SPS	Q1_AUDPC_A	Q3_AUDPC_A	 Med_AUDPC_A	Q1_AUDPC_B	Q3_AUDPC_B	Med_AUDPC_B
0.5	1110	555	555	537	551	0	0	1088	1084	1092	4152.3	3751.3	4622.8	508845.3	498378.9	517095.8	5088.5	4983.8	5171	205467.8	216120.8	211221.3	290301.1	304224	297792.9
0.5	1110	555	555	524	540	0	100	1064	1056	1072	3645.6	3280.9	4080.9	421102.3	410720.4	436290.4	4211	4107.2	4362.9	198493.2	215556.2	207404.6	207791	222312.8	214876
0.5	1110	555	555	510	517	0	200	1028	1003	1047	2745	2445.4	3201.2	432462.5	402873.9	478043.1	4324.6	4030	4780.4	209379.1	252694.3	228654.9	192556.4	223269	203816.4
0.5	1110	555	555	481	484	0	300	966	895.2	1008	2012.9	1646.3	2385.2	378276.8	337833.3	428504.5	3782.8	3378.3	4285	173587.1	224826.5	197159.7	160816.5	203935.4	181428.7
0.5	1110	555	555	434	436	0	400	871	759.5	954.8	1306.5	1011.8	1654	290281.5	229990.2	343572.9	2902.8	2299.9	3436.1	117225.8	178454.5	150190.4	111932.2	166231.5	140438.4
0.5	1110	555	555	415	417	0	500	832.5	741.5	905.8	927.4	693.4	1160.6	240760.4	182182	275530	2409.1	1825.5	2756.4	94083	139484	121459.7	88724	135025	116693.5
0.5	1110	555	555	426.5	428.5	0	600	855.5	750.2	941.5	738.5	513.8	968.4	201804	157162.3	260012.8	2021.1	1572.2	2600.1	78885	133310.5	102998.1	78048.5	127289.3	100350
0.5	1110	555	555	439	441.5	0	700	884	801.2	953	589.3	420.5	803.9	190738.6	150675.5	234769.2	1907.4	1507.6	2347.7	76866	118474.9	96624.4	74180.5	114610.3	93900
0.5	1110	555	555	467	465.5	0	800	932.5	856.2	996.8	479.7	371.3	664.1	183669	146526.9	218969.7	1836.7	1465.3	2189.7	74711.6	111062.5	93123.9	72205.9	109108	91215.5
0.5	1110	555	555	482.5	482.5	0	900	961	904.2	1031.8	440.2	344.5	565.9	182886.7	147566.2	216773	1828.9	1475.7	2172.8	74922.2	109987.5	92698.5	74062.8	107623.7	90643.3
0.5	1110	555	555	499	500	0	1000	998	928.2	1059	403.5	296.5	572	176576.7	145636.1	214548	1766.9	1459.3	2145.5	72696.5	109747	88664.7	72232.5	107438.6	87386.7
0.5	1110	555	555	501	502	0	1100	1002	927	1055.8	354.7	249.8	478.5	160150.4	129751.6	197397.1	1602.6	1297.5	1974	64945.5	99528	80022	64824.5	98515	79881.4
0.5	1110	555	555	524	541	100	0	1065	1057	1071.8	3656.8	3343.6	4114.4	421530.2	406073.2	437099.1	4215.9	4060.7	4371	197000.3	215644.9	205831.7	207505.2	223056.9	215854.5
0.5	1110	555	555	514	528.5	100	100	1043	1031	1054.8	3280	2950.6	3773	428236.2	405444.4	455366.1	4282.4	4054.4	4553.7	209095.9	237485.9	221669.2	196686.5	218880.1	208101.6
0.5	1110	555	555	495	502	100	200	997.5	961.5	1021	2569.3	2229.3	2896.9	430442.1	390968.6	481762.9	4304.4	3909.7	4821.1	206142.2	255886.8	225695	184636.5	226762.9	204845.5
0.5	1110	555	555	448.5	452	100	300	902	804.8	966.8	1787.7	1459.6	2265.6	351179.3	294545.4	404144.9	3511.8	2948.4	4041.4	151965.6	212617.8	180998.1	142348.9	192655.3	167372.4
0.5	1110	555	555	420	423.5	100	400	840.5	747.2	924.8	1216.7	968.5	1500	276465.5	221452.4	334783.5	2769.1	2215.7	3347.8	113033.9	172701.9	141847	108603.5	160558.5	135054.6
0.5	1110	555	555	421.5	425.5	100	500	849.5	731.2	923	916.4	705	1147.1	236740.4	177959.1	285829.6	2367.4	1779.6	2859.6	93052.9	145068.8	119991.1	87849.4	140327.5	117107.9
0.5	1110	555	555	424	425	100	600	851	757.5	924.8	713.2	555.3	954.1	205366.3	157260.6	248602.8	2053.7	1573.6	2487.8	79634.4	127911.8	104168.6	79049.1	121606.6	101299.8
0.5	1110	555	555	445.5	445.5	100	700	890	803.8	948.2	574.3	429.1	808.8	196372.6	157484.8	237666.4	1966.1	1576.1	2376.7	80347	122045.5	100182.2	77074	116250.4	95637.7
0.5	1110	555	555	456	461.5	100	800	920.5	834.2	991	499.3	369.2	647.2	179881.5	141805.5	227971.5	1799.3	1418.1	2279.7	71214.8	115172.5	91980.4	69650.9	113483.2	88003.5
0.5	1110	555	555	472.5	475	100	900	948	865.2	1013.8	437.8	324.7	638.7	175133.2	139950.6	219807.5	1751.3	1399.5	2198.9	71614.1	111539.7	89438.9	69264.6	108285.5	85401.9
0.5	1110	555	555	487.5	486	100	1000	974.5	894.5	1036.8	405.6	286.7	592.6	178980.4	132238.8	219146.4	1792.6	1326.5	2193.9	66104.4	109357.1	89613.3	65177.8	107979.1	88447.2
0.5	1110	555	555	502	502	100	1100	1005.5	947	1050	356.3	274.8	484.9	165162.7	133104.9	203072.4	1651.6	1331	2030.7	67346.3	103166.8	83341.5	65497.3	100952.8	82150.4
0.5	1110	555	555	511	521	200	0	1033	1008	1051	2839.5	2549.6	3306.9	430327.9	398944.9	469369.5	4303.3	3991.7	4693.7	209400.6	248128	229144.4	187073.2	220551.1	202089.4
0.5	1110	555	555	496	505	200	100	1002	968	1025	2661.4	2259.8	3032.4	434143.7	396497.4	478589.2	4341.4	3965	4785.9	208825.2	255597.9	230463.7	187929.4	224414.7	203509.6
0.5	1110	555	555	458	463.5	200	200	922.5	853.2	978.8	2156.6	1779.5	2580.9	387268.3	340666.9	438901.1	3874.9	3406.7	4389	175755.6	228037.7	204619.5	161473.4	211123.3	183131
0.5	1110	555	555	419	424	200	300	844.5	765.5	911	1549.9	1265.6	1917.8	309880.1	253379.5	375760.4	3098.8	2537.9	3757.6	132943.5	194806.7	158717.9	122531.9	182540	147249.5
0.5	1110	555	555	405	402	200	400	808	677	883	1215.8	923.8	1531.8	253687.2	180211.5	314913.8	2538.6	1802.1	3149.1	91419.1	160962.5	129339.5	88398.9	155377.5	123444.2
0.5	1110	555	555	394.5	399	200	500	798.5	714.5	875.8	930.4	721.9	1182	217559.7	171145.2	262107.5	2177	1712.4	2623	88519.8	134957.5	110095.1	83976.2	126510.6	106975.5
0.5	1110	555	555	410	411	200	600	821	738.8	895.8	710.4	544.2	905.9	192167.2	153972.1	227228.1	1921.7	1543.4	2273.2	78312.6	114500.9	97118.4	76340	112058.6	94080.8
0.5	1110	555	555	434	430	200	700	864	788	937.8	601.5	429.6	817.3	183415.5	138147.1	228920.3	1834.2	1382.3	2290	69621.7	116112.8	92866.2	69655.1	112030.9	90618.2
0.5	1110	555	555	448	452	200	800	899.5	813	980.8	491.2	348.9	651.6	175614.4	139176.6	214970.8	1756.1	1394.8	2152.9	69977.1	110182.9	88766.4	69381.5	105624.1	86066.9
0.5	1110	555	555	469	473	200	900	942	855	1012	454.1	339.2	611.1	172384	129728.5	217322.4	1723.8	1297.3	2173.2	65553.7	109048.8	87262.5	64629.2	105721.9	84923
0.5	1110	555	555	482	483	200	1000	964.5	892.2	1022.8	397.3	299.4	555.1	169872.3	138326.8	200543.5	1700.4	1388.3	2006.2	68573.3	101621.5	85431.6	68811.9	99465.4	83544.1
0.5	1110	555	555	497	498	200	1100	996	926.5	1048.8	355.4	242.3	499.4	158500.6	123997.7	190586.1	1585	1240	1905.9	63110	96482.6	79326.1	61403.2	93866	79048.4
0.5	1110	555	555	481	478.5	300	0	960	884	1004	2041.1	1718.9	2452.2	376148.8	333071.2	427412	3761.5	3331.7	4277.7	172642.2	224609.2	197952.6	157649.2	203892.2	178546.9
0.5	1110	555	555	457	462	300	100	918.5	847.5	984.8	1893.4	1541.5	2341.1	363034.8	304451.5	430494.2	3630.3	3046.5	4304.9	158684	225650.2	190628.4	144865.9	201806.4	175556.5
0.5	1110	555	555	421.5	425.5	300	200	850.5	735	927.8	1555	1272.6	2000.1	314274.8	260775.5	370725.4	3142.7	2607.8	3707.3	130704.6	193643.9	163845	124574.8	181379	151100.2
0.5	1110	555	555	386	393	300	300	779.5	683	886.8	1233	961.9	1562.6	253050.8	197177.5	317686.4	2532.6	1972.5	3180	100680.6	162902.1	130488.5	96131.2	153075.5	121923.7
0.5	1110	555	555	370.5	375	300	400	742.5	647.2	839.8	1009.2	753.7	1240.4	207211.4	153196	263114.9	2073.9	1534.3	2632	78185.7	135259.2	106182	74090.2	126971.5	100125.8
0.5	1110	555	555	386	384	300	500	767.5	673.2	866	761.8	578.2	1019.4	190080.6	143089	234418.5	1900.8	1432.5	2347.7	71660.6	121115.6	96433.9	69826.4	114148.8	94005
0.5	1110	555	555	402	406	300	600	810.5	714.2	886.5	668	468.5	860.6	171963	132235.7	222737.2	1722.3	1322.4	2227.4	67069.9	112078.3	88424.7	65487.7	109797.2	85274
0.5	1110	555	555	424	430	300	700	853	757.2	916.5	566.3	430.8	765.7	169549.1	135771.8	208464	1695.5	1357.7	2089.3	68333.9	107153.4	86020	66898.8	102425.1	84926.3
0.5	1110	555	555	446.5	446	300	800	890	808.8	954.5	495.6	370.7	646.6	168569.8	130380.8	207891.2	1685.7	1303.9	2080.4	65767.1	105224.3	85572.3	64909.9	102896.3	83398.8
0.5	1110	555	555	453	454	300	900	908.5	830.2	976	440.2	323.8	586.5	162447.4	116603.8	196282.7	1624.5	1166.7	1963.2	59132.1	99570.1	82347.6	58373.6	96934.7	79049.5
0.5	1110	555	555	475.5	473.5	300	1000	946.5	876.5	1019.8	383	289.3	543.8	160451.5	128868	195934.3	1604.5	1289.2	1959.3	65662.9	99240.6	80738.3	63271.7	96968.5	79090.2
0.5	1110	555	555	492	490.5	300	1100	985	897.2	1042.2	386.2	270.2	527.1	161657.3	124458.8	196896.1	1616.6	1247	1973.2	62708.4	100509	81797.4	61675.2	97969.4	80633.1
0.5	1110	555	555	442	446	400	0	888	762.2	960.8	1410	1122	1794.4	298027.5	241864.1	350898.7	2980.3	2420	3509	125563.1	180061.7	153074.2	116429.6	168687.5	144461.9
0.5	1110	555	555	429.5	433	400	100	862	772.2	935.5	1379.1	1107.7	1765.3	286984.6	233033.4	353471.6	2869.8	2330.3	3534.7	116796.7	185134.3	148366.9	113164.8	169081.6	140975.8
0.5	1110	555	555	409.5	407	400	200	816	720.2	893	1180.1	959.1	1447.6	260255.9	207817	312164.6	2602.6	2081	3121.6	106751.2	162058.1	134809.2	101369.2	150557.9	126320
0.5	1110	555	555	377	377	400	300	756	659.5	835.5	955.1	768.2	1214.5	209040.2	163251.8	259941.8	2092.8	1632.5	2599.4	82143.5	134005.4	107385.9	80663.1	126625.3	102256.6
0.5	1110	555	555	354	360.5	400	400	718.5	643.5	814	805.7	588.6	1022.8	176767	138427.8	213763.5	1769.6	1387.4	2138	69058.9	113090.6	90916.9	69543.1	104375.5	85440.1
0.5	1110	555	555	380	383	400	500	760	673	842.8	688.1	515.8	875.6	174905.4	130986.5	225703.8	1749.2	1311	2257	67005.6	114785.6	89406	63604.5	111227.5	85456
0.5	1110	555	555	386.5	389	400	600	778.5	688.2	869.8	557.8	411.3	750.2	151006.7	116317	196640.9	1512.4	1163.2	1966.4	58016.8	99602.6	77285.4	57949.9	96694.7	75140.9
0.5	1110	555	555	417	419.5	400	700	832.5	752.2	908.8	508.4	372.1	639.7	159999.3	125974.4	193021.7	1601.2	1259.7	1933.8	62916.1	97940.9	79734.9	62918.3	95414.5	79327.6
0.5	1110	555	555	420	422	400	800	844	765.8	930.8	443.8	335.8	579.5	153761.4	115850.1	192684.6	1537.6	1158.5	1929.8	58041	97414.7	78023.3	57574.2	95373.6	75947.8
0.5	1110	555	555	455	457	400	900	912	836.2	975	424.3	310.6	588	152600.8	122033	184460	1526	1220.3	1850	61184.8	93561.3	77151.1	61123.8	91141.1	75540
0.5	1110	555	555	473.5	471.5	400	1000	948	842.2	1011	349	257.9	505.2	145756.9	116613.5	180868.2	1457.6	1167.4	1809.3	58501.2	91573.9	73849.2	57420.3	89904	72051.2
0.5	1110	555	555	483	482.5	400	1100	966.5	886.8	1023	340.1	231.6	499.8	145705.8	107067.3	184316.5	1457.1	1070.7	1843.2	52960.8	93405.5	73331.7	53282.7	90822.8	71564.6
0.5	1110	555	555	444.5	447	500	0	890	800	948	1030.6	782.4	1373.9	258493.7	200304.4	311110.2	2584.9	2003	3115.9	103340.1	160025.1	131908.4	99028.4	151055.1	126173.6
0.5	1110	555	555	424	427	500	100	853	746.2	934.8	1021.4	764.9	1341	243332.3	190069.2	288115.3	2436	1900.7	2881.2	95642.7	150159.5	124644.1	90755.9	141269.6	117212.6
0.5	1110	555	555	398	404	500	200	797	689.2	885	952.1	667.9	1243.2	213051.3	159842.5	265769.4	2130.5	1601	2657.7	81534.8	135767	107334	78726.4	130195.3	103259.4
0.5	1110	555	555	387	388	500	300	776.5	685.8	849	795.5	592.9	1067.2	190629	147347.8	240387.7	1906.3	1474.2	2403.9	72884.6	121380.2	97981.5	71362	117140.5	93328.9
0.5	1110	555	555	373	373	500	400	746.5	660.2	828	651.5	474.5	860.9	165162.2	126715.5	206380.8	1653.8	1270.9	2064.7	63439.9	104376.8	84792.5	63074	99769.4	80325
0.5	1110	555	555	379	385	500	500	764	691.2	843.8	576.5	445.7	773	149625	118049.3	191234.7	1497.1	1180.9	1912.3	60274.5	96755.2	74204.7	58455.5	95272.8	74299.8
0.5	1110	555	555	392.5	390.5	500	600	782.5	692.2	855.8	475.1	357.8	649.1	141760	106286.7	175537.6	1418.1	1065.4	1755.4	53675.2	88826.2	71473.7	53314.6	88309.4	70455.1
0.5	1110	555	555	416.5	417.5	500	700	834.5	741.2	907.8	467.5	316.9	632.3	146840.5	120741.8	181969	1470.5	1207.9	1819.7	60500.4	93517	74352.2	59227.9	90927.2	73135.5
0.5	1110	555	555	429.5	428	500	800	862	786.2	944.8	402.1	291.3	560.2	148140.2	112776.1	176000.6	1481.4	1128.6	1760	56504.9	89719.1	73823.9	56611.6	86915.3	72774.9
0.5	1110	555	555	453.5	456	500	900	912.5	819.5	974	391.7	288	516	147764.7	116424.3	179915.8	1478.6	1164.2	1799.2	58790.2	90836.8	74691.3	58431.3	89289.6	72960.8
0.5	1110	555	555	468	465.5	500	1000	933	853.2	995	350.1	245.6	498.1	141224.5	111809.9	172330.2	1412.2	1118.7	1723.3	56910.2	87379	72596.1	54872.6	84093.4	69749.2
0.5	1110	555	555	481.5	481	500	1100	960.5	872.2	1025.8	338.8	240.1	444	138572.9	110797.2	174032.5	1385.7	1110.7	1740.3	55088.1	87729.6	69880.6	54672.2	86897.6	69418.9
0.5	1110	555	555	433	437.5	600	0	871.5	773.2	961	805.1	594	1074.1	213663.6	165061.9	255304	2136.6	1654.8	2553	83807.7	130623	110422.9	79342.3	124889.7	103600
0.5	1110	555	555	422	422	600	100	842	755	924	744.5	557.9	975.7	204409.4	168161.7	246711.1	2044.1	1682.1	2469.5	84635.1	126843.8	104585.7	82048.3	120808.2	100785.8
0.5	1110	555	555	414.5	418	600	200	830.5	748	904.5	780.3	565.6	1048.6	198379.6	157524.2	250308.1	1986	1575.2	2503.1	79613.2	126904.1	101055.8	76452.3	121797.8	95999.6
0.5	1110	555	555	400	402.5	600	300	798.5	726.2	878.8	697.7	486.3	891.9	175617	139013.5	218327.8	1760.1	1391.2	2183.3	71622.1	110734.1	89909.4	66874.1	106714.5	86408.9
0.5	1110	555	555	392.5	395	600	400	785	697.2	872	588.2	449.6	751.6	159538.4	129663.8	192684.1	1596.7	1299.9	1927.6	64988	98911.6	81101.6	62881.5	94433.8	78005.6
0.5	1110	555	555	410.5	401	600	500	811.5	730	877.8	517.2	398.8	741	151945.1	119337.2	186898.1	1520.4	1198.1	1869.9	60503.1	93808.4	75800.1	58742.7	93024.9	74901.3
0.5	1110	555	555	407.5	402.5	600	600	810	731.5	895.8	475	364.9	645.7	150429.6	112995.1	181591.3	1504.3	1130.5	1819.1	56977.9	92286.3	76224.8	57026.8	89278.1	73893.5
0.5	1110	555	555	429	428.5	600	700	859.5	783.2	924	424.9	312.6	574.2	143338.8	113892.5	181411.5	1434.8	1143.9	1814.1	58758.9	90984.9	72578	56284	89998.8	71730.7
0.5	1110	555	555	444	447	600	800	892.5	816	961	393.1	298.7	519.2	144874.2	111221.4	173504.3	1450.6	1112.2	1735	56599.2	87009.9	72943.9	55749.8	86029.5	71686.5
0.5	1110	555	555	462.5	466	600	900	927	844.2	982.8	342.2	256.9	492.6	139115.5	116353.8	172311.6	1391.2	1164	1723.1	57952.9	87373.6	70676.1	57599.3	84854.2	69161.4
0.5	1110	555	555	474	474.5	600	1000	948	875	1007	331.7	249	434.7	141081.8	109279.3	171692.5	1410.8	1096.5	1716.9	55580.8	86856.8	70540.2	53740.4	85034.6	70337.4
0.5	1110	555	555	486	485	600	1100	971.5	883	1027	309.5	221.2	454.3	135051.1	104145.9	159901.9	1350.5	1046.7	1599	52588.1	80151.7	67495.7	52067.9	79960.2	66453.6
0.5	1110	555	555	457	461	700	0	918	827	985.5	616.7	486.3	807.1	203025.6	163746.8	246381.5	2030.3	1637.5	2463.8	82429.2	124565.6	103704.4	79795.1	122484.2	98639.2
0.5	1110	555	555	443.5	440.5	700	100	885	799.5	959.5	630	444.4	843.7	190635.4	144913.1	231044.9	1906.4	1449.1	2310.4	74801.8	117506.1	96749.1	71543	113638.2	93896.2
0.5	1110	555	555	431.5	431.5	700	200	865	762.2	935.8	600.5	458.4	841.2	185099.2	140191.1	233422.4	1851	1402	2337.7	71155	117405	94314.4	69220	113624.8	92174
0.5	1110	555	555	413.5	412	700	300	823.5	746.2	904	541	410.8	755.8	162180.3	121075	201293.9	1623	1214.2	2017	61462.8	102717.2	81868.5	60316.8	99374.6	79307.5
0.5	1110	555	555	413	412.5	700	400	824.5	738.2	891.5	522.7	351.2	702.3	152896.6	119888.3	193183.5	1529	1199.5	1933.1	60307.5	99573	77019	58645.1	94478.9	75610.4
0.5	1110	555	555	412	416	700	500	828.5	745.2	895.5	450.2	317.6	602	145248.8	108766.7	176905.6	1452.5	1089.7	1770.3	55258.5	89027.8	74217	52438.3	87597.1	72571.5
0.5	1110	555	555	420	422	700	600	840.5	762	912.8	429.3	317.4	555.8	142433.1	113122	170203	1425.1	1133.9	1702	56981.9	86317.1	71697.8	55737.9	83963.5	69242
0.5	1110	555	555	438.5	441	700	700	878	810	940	383	288.8	503.2	139722.8	109031	169776	1397.2	1090.3	1697.8	55545	84900.5	70402.8	53904.4	84441.3	69807.2
0.5	1110	555	555	449	451	700	800	898	825.8	964.8	338.2	267.4	454	133184.3	109096.4	164134.2	1332.3	1091	1642	55191.3	83476.2	67702.3	54121.4	82118.3	65878.9
0.5	1110	555	555	459.5	459	700	900	914	843.2	980.8	339	250.5	468	132292.7	102192.3	164008.1	1324.9	1021.9	1640.1	51867.5	82672.5	66733	50863	82015.1	64924.4
0.5	1110	555	555	474.5	475	700	1000	948	867.2	1018.8	340.3	230.4	456.5	128182.3	104144.2	165973.1	1281.8	1042.7	1659.7	52449.6	84202.2	64772.3	52002.8	82329.1	64130
0.5	1110	555	555	486	484	700	1100	973	893.8	1034.8	293	219.6	407.7	134317.7	104107	161841.5	1343.2	1041.6	1618.4	52101.7	81762.1	67156.8	51877.2	79632.7	66485.4
0.5	1110	555	555	463	463	800	0	926	837	983.5	533.4	395.8	748.8	183107	148579.3	224890.8	1831.1	1486.8	2249.5	75853.9	114185.8	93490.5	73105.7	109055.5	89778.5
0.5	1110	555	555	460	464.5	800	100	923.5	847.2	990.8	511.6	369.4	703.6	178294.7	140723.7	225524.2	1783.1	1410.6	2255.2	71337.5	116207	89586.8	68488.3	110898	88785.9
0.5	1110	555	555	447.5	448	800	200	896.5	810	980	477.5	367.8	722.7	167740.9	134823.3	213982.4	1677.4	1348.2	2139.8	68608.5	108881.8	83733.1	66907.6	104571	83186.8
0.5	1110	555	555	435.5	434.5	800	300	871.5	788	956	475.2	370.6	679.3	162189.2	130967.3	199389.4	1622.9	1309.7	1994.3	64958	100973.3	82071	63742.1	99197.1	78885.9
0.5	1110	555	555	433.5	435	800	400	869	772	953.8	431.3	316.7	642.2	149277.4	116683.7	185901.1	1492.8	1168.2	1859	59094.1	92952.1	75461.7	57169.9	91986.7	73945.9
0.5	1110	555	555	441.5	447.5	800	500	892.5	804.5	959.5	409.2	288.6	568.8	149444.3	117163.9	186000.4	1495.6	1171.6	1860	58510.1	95168	74450.1	57997	92486.5	74006
0.5	1110	555	555	436	436	800	600	872	794.2	947.2	387.4	299	518.1	138031.9	109294.4	168389.3	1381.3	1093.4	1683.9	55116.3	84770.3	69527.6	54328.4	83165	68553.5
0.5	1110	555	555	450.5	453	800	700	900.5	827.5	959.2	380.3	293.9	528.6	137825.1	109617.1	169350.8	1378.3	1096.2	1693.5	54846.9	85077.6	69519.4	54299.7	83560.8	68315.1
0.5	1110	555	555	459.5	460.5	800	800	919	842.8	975.2	346.6	251	459	128292.8	103717.8	162129.8	1282.9	1037.2	1621.8	51714.8	81978.7	64890.7	51630.2	79356.4	63253
0.5	1110	555	555	479	475	800	900	952.5	882.2	1016.8	320.6	227.1	426.2	134941.8	103747.6	158792.4	1350.4	1037.5	1587.9	52769.2	80066.1	67843.5	51735.8	78726.8	66871.2
0.5	1110	555	555	483	484	800	1000	964	889.8	1020.8	316.4	229.9	420.5	134739.6	108060.8	161059.3	1348.1	1080.6	1610.6	53928.2	80827.3	67812.6	53779.2	79704.8	66691.8
0.5	1110	555	555	496.5	495	800	1100	993	918.2	1046	286.6	216.8	406.5	129145.8	104372.6	163425.9	1291.5	1043.7	1634.3	52959.8	81936.4	64941.2	51480.3	80914.4	63716.8
0.5	1110	555	555	477.5	476.5	900	0	953.5	876.2	1013.5	445.5	319.8	618.5	178111.3	140004.5	210834.6	1781.1	1406.8	2108.3	71085.7	105527	89503.6	69041.3	104052.5	87123
0.5	1110	555	555	482	482	900	100	967	874.2	1022	468.7	342.8	633.2	177377.8	141405.8	207448.6	1773.8	1414.1	2074.5	70726.8	107602.2	89709.7	69973.2	101840.2	87344.5
0.5	1110	555	555	472	473	900	200	945	877	1008.2	451.5	307.7	615.6	169228	133353.2	201656.3	1696.5	1333.5	2016.6	67506.9	102291.6	85272.6	65404	99789.7	83761.5
0.5	1110	555	555	460.5	464.5	900	300	929.5	843	990	460.4	314.7	651.9	160573	126704.6	196754.1	1606.5	1267	1967.5	64116.5	98416.3	81169.1	62858.5	97193.6	79965.3
0.5	1110	555	555	451	453.5	900	400	904	826.5	961.8	402.7	292.4	570.7	145771	112688.4	184951.1	1457.7	1129.7	1849.5	56592.9	93725.7	73187	56285	91232.1	72475.4
0.5	1110	555	555	443	446.5	900	500	892	796	968.8	365.4	265.3	498.9	129832.1	100384.7	161518	1301.2	1005	1615.5	50169.9	81134.5	66458.2	50210.5	81166.6	64111.3
0.5	1110	555	555	460	462	900	600	925.5	828.2	991.2	363.8	276.1	494.9	135713.6	106149.6	168965.1	1357.1	1061.5	1689.7	53544.6	85398.1	67780.1	53400.4	83279.8	67955.2
0.5	1110	555	555	457.5	466	900	700	918.5	840.5	991.8	330.2	246.1	461.1	135834.5	109637.3	164777	1360.1	1096.4	1647.8	54788.7	82096.8	68787.2	54101.6	81882.2	67019.2
0.5	1110	555	555	475.5	477	900	800	949	869.2	1003.8	305.4	210.1	441.9	126990.7	99073.4	156812.5	1269.9	995.3	1568.1	49690.7	79077.1	63939.2	49669.2	78017.4	63447.4
0.5	1110	555	555	492	493	900	900	989	911.8	1036.8	315.7	231.8	422.2	132712.9	104803.5	163057.9	1327.1	1053.7	1632.5	53380.2	81728.7	67262.4	53171.8	80037.1	65656.4
0.5	1110	555	555	492.5	493.5	900	1000	983	909	1033	276.2	192.1	374.9	127488.9	103060.3	154171.4	1276.8	1030.6	1541.7	51872.5	78307	64443.3	51297.8	76028.9	62470.3
0.5	1110	555	555	497.5	495	900	1100	990	912.2	1045.8	274.7	200.9	392.3	121894.7	99919.1	152580.7	1218.9	999.2	1525.8	49564.9	76720.5	61670.9	49511.8	76158.5	60053.5
0.5	1110	555	555	497.5	494	1000	0	992	920.5	1060	398.4	299.6	559	171971.9	134788.3	206556.4	1719.7	1347.9	2066.9	67904.5	105790.4	87677.5	67496.4	102012.8	84617.8
0.5	1110	555	555	493.5	491	1000	100	984	919.2	1047.8	421	298.4	589.6	166789.8	128222.5	210974.3	1667.9	1282.2	2109.7	64967.4	107362.3	84598.4	64312.8	101923.5	82736.8
0.5	1110	555	555	486.5	485.5	1000	200	971.5	881.2	1033.5	383.2	284.7	540	159692.3	124331.6	196306.1	1596.9	1243.3	1963.1	61448.9	99506.1	80127.9	61903.8	97728.1	79858.8
0.5	1110	555	555	470	474	1000	300	943	875	1018	387.9	281.6	540.2	154056.1	121580.8	182991.6	1540.6	1215.8	1831.1	62143.3	92725.7	77329	61279.4	91652.8	75977.3
0.5	1110	555	555	478	481	1000	400	960.5	873.5	1024.8	390.8	268.2	512.1	148611.3	117398.8	183985.6	1486.1	1174	1839.9	60560.1	92692	74290.2	57714.8	92363.7	73649
0.5	1110	555	555	458.5	461.5	1000	500	922.5	844.5	993.8	327.9	241.8	490.4	133756.9	106564.1	167781.7	1339.2	1069.6	1677.8	52936.6	84496.3	67820.1	52440.5	83348	66971.6
0.5	1110	555	555	468.5	471.5	1000	600	942.5	858.2	994.8	343	238.8	463.8	136270.4	105172.8	165217.8	1362.7	1051.7	1652.5	53066.1	82472.9	68972.4	51642.4	83149.1	67020.9
0.5	1110	555	555	477	476	1000	700	953	876.8	1018	300.7	223	440.1	131508.7	105931.6	163610.5	1317.1	1059.3	1636.1	52244.1	82554.3	66414.9	52561.1	81316.5	64874.2
0.5	1110	555	555	480	479	1000	800	959.5	885.5	1028	302.2	212.9	435.4	128446.6	96140.6	162600.2	1284.5	961.6	1630.3	48167	81308.5	65210.4	48869	79533.2	63128.1
0.5	1110	555	555	482.5	484	1000	900	962.5	890.5	1033	296.7	222.2	406.3	127027.1	102833.4	158705.5	1270.4	1028.3	1587.1	51889	79935.2	63974	50576.1	78801.6	63009.4
0.5	1110	555	555	502.5	503.5	1000	1000	1008	924	1050	269.2	191.1	380.4	125281	102363.9	154314.5	1253.6	1023.6	1544.7	51959.8	77936.2	63235.7	50690.3	76912.2	62527.1
0.5	1110	555	555	509	507	1000	1100	1014.5	935.5	1067	274.4	190.6	380.4	127442.1	98587.5	153002.2	1275	987.3	1530	49380.8	76603.9	63988.1	49152.9	75535.5	63233
0.5	1110	555	555	508.5	509.5	1100	0	1017.5	950.2	1064.8	370.9	255.9	524.3	158300	126544.4	190856.1	1584.5	1265.4	1908.6	63543.1	96823.3	80726.2	62773.6	93970.2	78625.2
0.5	1110	555	555	499.5	499	1100	100	996.5	938	1067	365.4	272	524.4	157514.9	124192.2	199455.3	1575.1	1241.9	1994.6	63433.9	102017.5	79580.7	60941.3	98012.7	77657.8
0.5	1110	555	555	498	496	1100	200	994.5	907.2	1055.8	402	262.9	572.3	157488.8	125487.5	195739.3	1574.9	1254.9	1957.4	62984.8	98612.8	79429.2	62174.6	96955.2	77266.8
0.5	1110	555	555	492	491	1100	300	985	903	1048	347.2	258.7	523.8	149623	113478.2	188901.8	1496.2	1136.4	1889	56640.7	95550.6	75582	56447.9	94076.8	73727.4
0.5	1110	555	555	486	485.5	1100	400	968.5	885.2	1041.5	329.2	246.9	497.4	136574.9	108142.3	175769.6	1365.7	1081.4	1759.3	54682.8	88724.2	68233.8	53383.4	87191.8	67325.1
0.5	1110	555	555	488	487	1100	500	975.5	886.2	1029.8	323.9	227.4	466.4	138713.3	103933.5	169443.7	1387.1	1040.3	1694.7	52571.5	85434.6	69241.4	51408.2	84105.4	68401.6
0.5	1110	555	555	483	483	1100	600	967.5	887.8	1030.8	308	224.6	442.2	130110.9	102159.5	163887.1	1301.1	1021.6	1638.9	50494.1	82427.2	65547.7	51646.9	81932.7	64624.6
0.5	1110	555	555	485	487	1100	700	972.5	912.5	1039.8	283.8	210.5	402.1	130908.4	102745.9	160183.4	1309.1	1027.5	1601.8	52161.1	81633.1	65617	51583.9	78996.5	65202.1
0.5	1110	555	555	492	493	1100	800	985	913.8	1045.8	290	212.7	404.7	129043	104347.5	156118.3	1290.4	1043.5	1561.2	52981.4	78041.2	64558	51667.2	77356.9	64226.4
0.5	1110	555	555	494.5	494	1100	900	990.5	924.5	1048	279.9	203.8	371.2	128023.2	100272.1	153746.6	1280.2	1002.7	1537.5	50699	77132.7	64241.8	49825.7	76706.8	63537.5
0.5	1110	555	555	503	503	1100	1000	1007	931.2	1057.5	254	188.5	345.9	124148.1	99288.4	152967.3	1242.4	992.9	1533.2	49534	77080.1	61935.2	49555.3	76169.7	62039.5
0.5	1110	555	555	506	506	1100	1100	1012.5	944.5	1073	264.1	180.7	368.2	116453	96358.2	143403.7	1164.5	963.6	1434	48372.6	72075.1	59391.3	48087.7	71069	58343.5
