# 2D Parameter Scan for FracB and Single Radius Control: Landscape Size 3000
# Kernel = <function exponential_kernel at 0x7f858d84eb60>; Scale Parameter = 119m ; Sps Parameters = [[0.00833    0.14       0.00285714 0.00053   ]
 [0.00833    0.14       0.002      0.00053   ]]
# control_start = random
Frac_B	N	N_a	N_b	Radius	Med_KE_A	Med_KE_B	Med_KE	Q1_KE	Q3_KE	Med_time	Q1_endtime	Q3_endtime	Med_AUDPC	Q1_AUDPC	Q3_AUDPC	Med_AUDP_SPS	Q1_AUDPC_SPS	Q3_AUDPC_SPS	Q1_AUDPC_A	Q3_AUDPC_A	Med_AUDPC_A	Q1_AUDPC_B	Q3_AUDPC_B	Med_AUDPC_B
0.0	1110	1110	0	1082.0	0.0	0	1082.0	1078.0	1086.0	3491.1	3201.0	3795.7	425355.0	416996.8	434057.0	3543.2	3473.6	3615.7	416996.8	434057.0	425355.0	0.0	0.0	0.0
0.0	1110	1110	0	1060.0	0.0	50	1060.0	1053.0	1067.0	3363.5	3049.8	3675.7	383897.3	374181.7	393996.6	3197.9	3118.2	3282.0	374181.7	393996.6	383897.3	0.0	0.0	0.0
0.0	1110	1110	0	1019.0	0.0	100	1019.0	1001.0	1036.0	2857.4	2537.6	3208.8	403042.6	382940.4	427708.6	3357.7	3189.9	3562.8	382940.4	427708.6	403042.6	0.0	0.0	0.0
0.0	1110	1110	0	949.5	0.0	150	949.5	900.0	984.0	2239.1	1968.3	2586.5	404670.9	367201.3	450577.7	3370.9	3058.8	3753.3	367201.3	450577.7	404670.9	0.0	0.0	0.0
0.0	1110	1110	0	846.0	0.0	200	846.0	738.2	913.8	1687.3	1420.4	2024.8	328557.6	275589.3	384196.5	2736.9	2296.8	3201.4	275589.3	384196.5	328557.6	0.0	0.0	0.0
0.0	1110	1110	0	769.0	0.0	250	769.0	661.0	860.8	1277.9	1031.1	1566.2	258413.9	200873.9	316376.7	2154.3	1675.4	2635.4	200873.9	316376.7	258413.9	0.0	0.0	0.0
0.0	1110	1110	0	731.5	0.0	300	731.5	633.5	824.8	996.8	810.0	1323.4	213286.5	165262.1	267127.2	1776.7	1376.6	2225.4	165262.1	267127.2	213286.5	0.0	0.0	0.0
0.0	1110	1110	0	692.0	0.0	350	692.0	610.0	778.0	786.8	611.1	992.4	169154.1	130885.1	211301.1	1410.2	1090.3	1760.1	130885.1	211301.1	169154.1	0.0	0.0	0.0
0.0	1110	1110	0	700.5	0.0	400	700.5	613.2	780.0	668.7	521.7	899.6	155538.5	119588.8	198340.3	1296.7	997.4	1654.6	119588.8	198340.3	155538.5	0.0	0.0	0.0
0.0	1110	1110	0	729.5	0.0	450	729.5	649.2	827.8	566.5	436.9	725.4	148256.6	113671.2	189833.0	1235.0	946.9	1581.9	113671.2	189833.0	148256.6	0.0	0.0	0.0
0.0	1110	1110	0	756.5	0.0	500	756.5	682.0	844.8	513.5	356.4	662.2	140450.6	103106.6	175365.9	1170.9	859.0	1460.8	103106.6	175365.9	140450.6	0.0	0.0	0.0
0.0	1110	1110	0	769.0	0.0	550	769.0	705.2	850.0	452.0	351.6	600.5	129687.2	103258.6	163276.1	1080.3	860.5	1360.4	103258.6	163276.1	129687.2	0.0	0.0	0.0
0.0	1110	1110	0	801.5	0.0	600	801.5	709.5	877.5	405.0	300.7	521.5	129926.8	94224.9	161673.9	1082.3	785.6	1346.7	94224.9	161673.9	129926.8	0.0	0.0	0.0
0.0	1110	1110	0	842.0	0.0	650	842.0	766.0	909.0	361.3	278.3	480.1	132375.6	101319.1	157768.8	1104.5	844.0	1314.2	101319.1	157768.8	132375.6	0.0	0.0	0.0
0.0	1110	1110	0	862.5	0.0	700	862.5	789.2	929.5	324.4	245.5	435.2	127698.2	99691.0	156001.2	1063.7	830.4	1299.5	99691.0	156001.2	127698.2	0.0	0.0	0.0
0.0	1110	1110	0	896.5	0.0	750	896.5	840.0	958.8	302.7	225.0	406.9	123628.0	98300.7	146653.2	1031.0	819.2	1221.6	98300.7	146653.2	123628.0	0.0	0.0	0.0
0.0	1110	1110	0	924.0	0.0	800	924.0	838.8	982.0	308.3	244.7	413.1	125998.7	96011.0	152494.2	1049.6	800.1	1270.3	96011.0	152494.2	125998.7	0.0	0.0	0.0
0.0	1110	1110	0	935.5	0.0	850	935.5	868.2	1000.8	276.2	208.7	379.0	120629.5	95575.0	143501.5	1005.2	796.1	1195.4	95575.0	143501.5	120629.5	0.0	0.0	0.0
0.0	1110	1110	0	961.0	0.0	900	961.0	887.0	1015.5	278.2	202.0	377.8	121755.7	99042.6	143431.5	1015.7	825.0	1194.8	99042.6	143431.5	121755.7	0.0	0.0	0.0
0.0	1110	1110	0	971.0	0.0	950	971.0	912.2	1034.5	258.9	191.9	364.4	114154.1	94543.5	140376.5	951.4	787.5	1169.3	94543.5	140376.5	114154.1	0.0	0.0	0.0
0.0	1110	1110	0	1000.0	0.0	1000	1000.0	935.0	1052.8	265.4	193.8	343.6	119986.1	96569.5	146338.6	999.5	804.4	1219.0	96569.5	146338.6	119986.1	0.0	0.0	0.0
0.0	1110	1110	0	1017.5	0.0	1050	1017.5	944.0	1058.8	243.0	179.9	346.9	113912.4	86908.8	145667.3	950.0	724.0	1213.4	86908.8	145667.3	113912.4	0.0	0.0	0.0
0.0	1110	1110	0	1018.5	0.0	1100	1018.5	962.8	1068.2	231.4	164.3	319.3	115669.9	90893.0	137401.1	963.5	757.1	1144.6	90893.0	137401.1	115669.9	0.0	0.0	0.0
0.0	1110	1110	0	1031.0	0.0	1150	1031.0	980.0	1081.0	219.4	150.7	319.0	111927.6	87751.8	133135.2	932.4	731.0	1109.0	87751.8	133135.2	111927.6	0.0	0.0	0.0
0.0	1110	1110	0	1036.5	0.0	1200	1036.5	969.0	1088.0	212.9	151.9	287.7	103124.6	82437.4	132582.6	859.0	686.7	1104.5	82437.4	132582.6	103124.6	0.0	0.0	0.0
0.2	1110	888	222	870.0	218.0	0	1088.0	1084.0	1092.0	3844.9	3511.0	4266.4	458493.6	449806.3	466719.7	3819.3	3746.9	3887.8	333984.8	347846.7	340642.5	112547.4	123809.6	117433.1
0.2	1110	888	222	857.0	214.0	50	1070.5	1064.0	1076.0	3719.7	3292.8	4039.8	404105.9	395258.3	414089.2	3366.7	3292.5	3449.4	299879.0	316325.0	308328.6	91917.1	99949.1	95706.8
0.2	1110	888	222	824.0	206.0	100	1029.5	1016.0	1042.0	3057.6	2688.4	3515.1	414669.1	389956.4	441368.5	3454.2	3248.3	3676.6	307910.2	348449.8	326217.2	82034.0	93823.9	87611.4
0.2	1110	888	222	782.0	195.0	150	978.0	937.2	1009.0	2526.7	2120.7	2904.0	421222.6	385562.6	482204.0	3509.6	3211.7	4017.2	307745.9	383942.6	336300.4	76433.9	97897.0	86493.8
0.2	1110	888	222	701.5	174.0	200	876.0	789.5	941.5	1850.7	1605.0	2295.2	362423.3	305849.2	417172.4	3019.0	2547.7	3475.0	244961.3	331741.8	287206.5	60053.7	83691.2	73291.6
0.2	1110	888	222	618.5	152.0	250	771.0	655.5	865.5	1434.3	1138.5	1790.7	273216.7	208054.0	336417.3	2277.8	1735.6	2803.3	166882.5	269630.8	219492.5	42355.8	67277.1	54216.9
0.2	1110	888	222	592.0	146.5	300	743.5	624.5	823.2	1135.4	856.4	1357.7	229288.2	175308.0	283101.1	1910.0	1461.9	2358.2	139748.5	224984.9	182144.3	35228.2	57044.6	45859.3
0.2	1110	888	222	559.0	141.5	350	701.5	607.2	807.0	830.0	685.1	1076.4	183158.1	143398.8	234542.6	1525.7	1195.2	1955.4	115024.5	187243.2	147089.6	28456.2	46955.3	36747.3
0.2	1110	888	222	562.0	141.5	400	709.5	602.8	788.2	695.6	520.0	907.5	162832.7	119700.5	196974.8	1358.1	997.1	1640.8	96221.5	156753.7	128475.0	24083.6	39431.3	32158.8
0.2	1110	888	222	570.0	143.0	450	709.5	641.2	820.0	557.3	443.1	775.7	145713.0	115780.7	188885.7	1215.1	964.5	1573.4	91843.7	150989.6	116442.6	22887.1	37653.5	29003.8
0.2	1110	888	222	608.5	153.0	500	762.0	663.8	829.5	508.2	386.3	664.2	146148.1	112406.3	173126.9	1217.4	936.3	1442.1	89523.5	139015.8	116469.3	22392.0	34687.8	29488.6
0.2	1110	888	222	628.0	157.5	550	784.5	699.2	865.0	474.6	376.9	632.9	143824.0	109953.1	177726.7	1199.4	915.9	1480.5	86826.5	141976.4	115186.0	22533.3	35813.1	28665.1
0.2	1110	888	222	643.0	162.0	600	804.5	721.8	875.8	416.6	315.2	551.0	133669.7	106156.0	162629.5	1114.7	885.4	1354.7	84243.8	129951.5	106935.1	21277.3	32231.7	26853.9
0.2	1110	888	222	670.0	168.0	650	835.5	754.2	904.0	377.9	287.2	511.7	128800.0	103607.5	161563.5	1073.8	863.1	1346.1	82687.8	128958.6	103402.4	20778.2	32424.8	26083.2
0.2	1110	888	222	688.0	174.0	700	861.0	780.0	930.8	343.9	253.3	479.1	131343.3	102742.5	159354.6	1094.1	855.8	1327.9	82842.0	126925.4	105619.3	20727.1	32576.6	26480.0
0.2	1110	888	222	717.0	180.0	750	895.0	821.0	965.5	348.4	258.0	475.9	130228.2	100836.8	162965.6	1084.8	841.3	1357.5	79847.0	130568.4	103547.2	19994.6	32748.5	26125.9
0.2	1110	888	222	735.5	184.0	800	921.5	836.8	974.0	307.0	231.8	423.1	126593.5	103598.4	150729.7	1054.5	863.9	1255.6	82804.0	121333.4	101144.6	20606.5	30483.7	24953.9
0.2	1110	888	222	748.0	188.0	850	937.0	866.5	1002.2	309.6	225.5	396.1	128382.8	102101.8	151860.8	1069.4	850.5	1265.0	81733.4	120943.2	102621.0	20258.8	30384.6	25664.2
0.2	1110	888	222	765.0	192.0	900	956.0	889.8	1014.5	296.7	215.5	417.1	125751.5	99468.5	157207.2	1047.5	828.6	1310.7	80528.6	125907.2	100770.1	19945.5	31908.2	25239.5
0.2	1110	888	222	785.5	198.5	950	985.5	919.8	1041.8	272.6	197.2	383.9	129586.0	100236.8	155132.0	1082.4	835.0	1292.2	79791.9	123944.1	104320.5	19813.4	31265.7	25603.9
0.2	1110	888	222	796.0	200.0	1000	994.0	915.2	1048.8	263.4	202.6	354.5	119310.0	95405.4	142485.5	993.9	796.2	1186.9	76800.8	114554.1	94831.4	18970.8	29420.4	24171.7
0.2	1110	888	222	792.0	199.5	1050	990.5	930.5	1057.0	238.1	171.4	345.5	111427.1	90162.9	143059.4	928.2	751.1	1191.7	72368.6	114395.8	89017.4	18417.3	28916.7	22792.2
0.2	1110	888	222	817.5	204.0	1100	1022.0	954.5	1065.8	246.4	174.3	342.8	114260.0	92769.6	145700.9	951.8	774.8	1213.7	73968.6	117174.3	91405.0	18652.9	29470.1	22723.3
0.2	1110	888	222	820.5	205.5	1150	1026.0	961.5	1080.8	225.9	174.9	323.0	112615.6	88491.3	138306.4	938.1	737.5	1152.1	70440.1	110600.4	90186.6	17782.0	27881.1	22428.4
0.2	1110	888	222	832.5	209.0	1200	1041.5	988.5	1088.0	214.5	157.6	315.9	114570.8	88111.4	138641.7	954.4	734.0	1154.9	70533.9	111372.1	91521.0	17636.6	27781.7	22945.0
0.4	1110	666	444	656.0	437.0	0	1093.0	1090.0	1096.0	4112.0	3784.5	4503.3	494148.3	485134.9	505056.5	4116.3	4041.2	4207.1	250912.8	262546.9	257584.9	229880.6	245323.8	238034.3
0.4	1110	666	444	646.0	431.0	50	1077.0	1070.0	1081.0	3860.6	3481.5	4264.4	418359.3	407166.6	429068.0	3484.9	3391.7	3574.1	222947.0	235420.2	229192.5	181775.6	195723.6	188397.0
0.4	1110	666	444	625.0	417.0	100	1042.5	1029.0	1053.0	3233.9	2893.0	3723.0	412683.7	391798.1	438774.3	3437.7	3263.7	3655.0	228477.9	256268.1	240604.8	161782.6	183053.0	172253.4
0.4	1110	666	444	596.0	397.5	150	992.0	960.2	1023.8	2573.3	2229.3	3022.3	425922.7	398655.7	467338.0	3547.9	3324.3	3892.9	233518.0	276259.8	252295.8	158351.8	190197.2	171384.9
0.4	1110	666	444	543.0	358.0	200	900.5	839.0	968.8	2030.9	1681.8	2381.1	374854.5	322155.3	426985.3	3122.5	2683.6	3556.8	193679.8	254797.6	222273.3	130628.8	171567.6	150802.0
0.4	1110	666	444	494.5	328.0	250	819.0	721.2	894.0	1458.2	1160.7	1808.6	290606.8	240739.3	349871.0	2420.8	2005.4	2914.4	145636.1	211502.6	174952.0	95347.0	138398.7	116167.0
0.4	1110	666	444	456.0	303.5	300	761.0	657.0	856.0	1133.6	890.3	1432.8	228522.1	181764.3	282844.5	1903.6	1514.9	2356.1	107321.9	169447.5	139137.1	73683.2	113361.7	91485.0
0.4	1110	666	444	452.0	305.0	350	755.5	650.2	850.2	950.4	755.2	1162.8	202599.9	162221.5	252387.5	1688.6	1351.3	2102.4	96033.0	152829.0	119137.2	63440.2	100614.9	81013.5
0.4	1110	666	444	434.0	288.0	400	720.5	637.0	813.2	790.8	604.5	977.2	175706.2	126823.5	215808.3	1464.9	1059.3	1798.6	76716.4	130618.4	107475.0	51748.9	86528.8	70999.0
0.4	1110	666	444	448.0	298.0	450	751.0	651.2	815.0	641.7	490.0	863.7	162878.2	121234.0	201803.0	1357.4	1010.6	1681.0	71663.2	121793.1	98097.0	48956.6	80305.8	64432.5
0.4	1110	666	444	456.5	304.0	500	763.0	668.2	840.8	559.5	450.1	750.0	149112.9	119093.5	189200.4	1242.1	995.5	1576.0	71462.6	113719.6	89713.9	46342.0	73905.5	59461.6
0.4	1110	666	444	478.0	318.0	550	795.0	704.5	857.0	492.6	370.2	661.0	149040.3	115442.0	178950.8	1243.0	964.8	1490.7	68763.1	108104.4	89017.3	46705.0	71584.7	58865.0
0.4	1110	666	444	481.5	319.5	600	798.0	725.2	884.8	424.1	326.3	566.3	136231.9	104070.6	166554.1	1136.2	867.5	1387.4	62176.5	98239.4	81785.2	41993.3	67370.2	53912.0
0.4	1110	666	444	495.0	332.5	650	827.5	758.5	899.8	382.9	292.7	515.9	126797.3	101205.4	159604.1	1056.2	844.7	1329.5	60937.8	94930.9	76255.1	40934.7	64211.7	51699.0
0.4	1110	666	444	524.5	347.0	700	871.0	791.0	940.5	362.3	270.6	462.9	134476.0	106099.0	161678.3	1120.2	884.2	1346.8	64452.4	97015.7	80376.9	41889.8	64461.7	53437.2
0.4	1110	666	444	534.5	354.0	750	887.0	798.2	963.5	358.9	256.6	480.8	131425.7	97972.7	160052.2	1094.8	816.1	1333.2	58544.5	96294.9	79846.2	39476.2	64831.2	51940.5
0.4	1110	666	444	557.5	369.5	800	923.5	849.8	998.0	333.5	248.3	469.4	133341.3	108251.0	161841.5	1110.7	901.7	1348.1	64845.9	97281.7	79840.0	42976.3	65342.9	53725.0
0.4	1110	666	444	569.0	378.5	850	944.0	879.2	1011.8	297.5	229.2	436.5	132458.7	105554.0	159041.3	1104.3	879.3	1324.8	63173.2	96678.3	79965.3	42355.2	63011.8	52732.1
0.4	1110	666	444	584.0	385.5	900	969.5	879.0	1019.8	284.4	211.9	387.6	121554.2	99411.8	148466.3	1015.0	828.1	1236.7	59439.3	89005.0	73305.1	39651.8	58867.4	48292.0
0.4	1110	666	444	591.0	395.0	950	985.5	913.5	1039.0	280.1	208.0	402.9	126363.6	103385.9	155106.5	1052.6	861.2	1292.0	62701.7	93624.3	76253.3	40688.7	61870.6	50356.1
0.4	1110	666	444	606.5	404.0	1000	1008.5	946.0	1059.8	266.0	188.2	368.6	126738.3	100484.3	147463.5	1056.8	837.8	1228.4	60437.1	88732.9	76529.7	39553.0	59448.5	50607.3
0.4	1110	666	444	603.5	401.5	1050	1005.0	932.2	1058.0	282.8	198.9	384.0	125660.6	100331.7	153032.1	1046.8	835.8	1274.8	60541.9	91421.0	75864.4	39760.1	60593.7	49762.3
0.4	1110	666	444	614.0	408.0	1100	1019.0	957.5	1065.8	261.7	188.4	369.4	125595.8	97994.1	152528.2	1046.2	818.0	1270.6	58596.0	91180.8	74838.9	38480.1	61377.3	50270.6
0.4	1110	666	444	618.0	413.0	1150	1031.5	974.5	1072.5	244.5	160.9	323.2	113003.2	92162.7	138340.9	941.3	767.7	1152.4	55420.3	83562.2	67177.9	36789.7	55557.9	44808.3
0.4	1110	666	444	624.5	415.0	1200	1040.5	976.2	1085.8	237.5	162.0	309.8	118911.7	92496.8	142227.8	990.5	770.5	1184.8	54725.5	85764.1	71896.7	36571.5	56973.2	47598.3
0.6000000000000001	1110	444	666	439.0	658.0	0	1097.0	1093.0	1099.0	4253.3	3884.5	4689.2	527522.0	516736.2	537784.7	4394.3	4304.4	4479.7	167135.4	175831.8	172156.9	345246.4	363876.9	356592.1
0.6000000000000001	1110	444	666	433.0	650.0	50	1083.0	1078.0	1087.0	3933.7	3623.7	4398.1	437527.0	425844.4	448319.6	3644.6	3547.3	3734.5	148533.1	158591.9	153229.7	275734.6	293326.1	284155.8
0.6000000000000001	1110	444	666	420.0	631.0	100	1050.0	1040.0	1061.0	3312.8	2891.6	3775.9	413084.2	390725.2	442387.4	3441.0	3255.3	3685.1	147651.9	170442.4	160373.1	241904.9	274482.7	256265.7
0.6000000000000001	1110	444	666	402.5	606.5	150	1007.5	980.0	1031.0	2563.7	2235.3	3092.8	422016.8	383257.3	460225.7	3515.4	3192.5	3833.7	151275.8	180725.7	165469.0	232359.3	282287.5	253790.2
0.6000000000000001	1110	444	666	373.0	567.0	200	941.0	881.0	984.0	2111.1	1764.9	2508.2	383693.2	343841.0	431940.3	3196.2	2864.2	3598.1	136104.9	169967.8	150973.4	205081.3	261318.2	232104.4
0.6000000000000001	1110	444	666	338.5	513.0	250	851.5	749.0	932.8	1606.5	1300.3	1893.9	316107.2	253976.6	363858.5	2634.9	2117.8	3030.9	99289.3	143185.3	126180.7	153381.6	218909.2	191264.9
0.6000000000000001	1110	444	666	309.0	471.0	300	778.0	683.2	858.0	1177.5	951.4	1444.1	248636.0	194423.2	298193.0	2072.0	1621.6	2485.4	77201.6	118913.2	97902.5	117857.8	180337.9	148626.8
0.6000000000000001	1110	444	666	302.0	450.0	350	754.0	645.0	859.5	953.0	730.3	1341.7	212720.5	162716.9	275619.1	1772.0	1355.6	2298.1	63733.5	108958.5	84882.3	97659.8	164165.2	127746.8
0.6000000000000001	1110	444	666	301.0	454.0	400	754.5	656.2	836.8	834.0	609.6	1037.3	193642.5	136149.5	236712.0	1615.9	1134.1	1974.5	54666.8	93079.8	76789.6	82392.1	141630.4	116206.0
0.6000000000000001	1110	444	666	300.5	454.5	450	751.5	673.2	837.8	664.8	476.0	896.5	167167.8	130247.1	209571.1	1393.7	1087.0	1745.8	51295.2	83371.3	67389.0	79678.3	125936.3	99656.9
0.6000000000000001	1110	444	666	312.5	473.0	500	787.0	697.2	853.5	588.0	453.2	819.5	158430.9	124993.3	202747.4	1321.1	1041.2	1689.4	49647.9	81445.0	62861.5	75474.7	120624.8	95496.0
0.6000000000000001	1110	444	666	321.0	482.5	550	801.0	719.0	879.0	481.6	390.5	690.1	149190.3	119298.5	188594.0	1243.3	995.7	1576.3	47745.0	74493.8	59556.7	72296.2	113192.6	90456.9
0.6000000000000001	1110	444	666	327.0	494.5	600	821.0	743.2	903.0	463.6	337.7	615.7	142786.4	111836.5	180232.7	1190.1	931.6	1501.3	44812.8	70650.8	57127.8	66849.7	106812.8	85628.7
0.6000000000000001	1110	444	666	338.5	512.0	650	853.5	766.5	929.2	415.9	321.5	573.2	141310.1	113634.0	176961.4	1178.0	950.3	1474.1	45549.8	70279.9	56988.8	68390.7	106430.3	85546.0
0.6000000000000001	1110	444	666	352.0	530.0	700	883.0	798.0	940.5	379.9	279.7	522.3	140222.0	111697.5	173748.4	1170.6	931.9	1451.4	43742.7	69000.2	56262.7	68369.6	104774.1	83656.7
0.6000000000000001	1110	444	666	359.5	543.0	750	903.0	839.8	976.8	367.1	258.9	484.6	141542.8	109495.7	165993.9	1179.1	913.6	1383.4	44343.7	66864.3	56822.6	65046.1	99114.7	84398.2
0.6000000000000001	1110	444	666	364.5	552.0	800	917.0	837.0	983.0	305.2	227.4	417.5	131642.9	101365.1	160039.6	1096.6	846.8	1333.1	41173.9	64249.2	52521.7	60456.5	96154.8	79339.5
0.6000000000000001	1110	444	666	385.0	579.0	850	963.0	872.8	1016.5	307.6	228.4	420.9	132349.0	106389.8	160662.2	1102.5	886.2	1338.3	41790.9	64779.7	52705.4	63751.2	96360.1	79844.0
0.6000000000000001	1110	444	666	386.5	583.0	900	971.0	890.2	1032.8	321.5	228.7	438.6	134116.5	106562.7	163175.0	1117.2	887.7	1359.2	42527.8	64836.5	54037.8	63474.5	98406.0	80833.6
0.6000000000000001	1110	444	666	387.0	582.0	950	966.0	904.0	1036.8	292.9	216.4	408.7	130513.5	104457.7	160746.6	1088.5	870.3	1339.0	42225.7	63636.7	51373.3	62322.5	96573.8	77977.4
0.6000000000000001	1110	444	666	394.5	593.0	1000	985.0	912.2	1040.0	262.0	201.7	364.7	124500.5	97741.7	147522.5	1037.1	814.9	1228.9	38416.8	58911.6	49590.6	58947.2	87604.4	74694.0
0.6000000000000001	1110	444	666	403.0	609.0	1050	1011.5	943.0	1054.8	258.9	177.0	368.4	119862.7	95246.5	149274.7	998.5	793.4	1243.5	37961.8	59737.8	47880.3	57425.6	89112.6	72185.8
0.6000000000000001	1110	444	666	412.5	619.0	1100	1029.0	968.0	1080.8	233.0	169.8	377.7	123156.3	96771.2	153111.9	1026.1	807.9	1275.4	38780.2	61274.1	50038.4	58009.5	92219.4	73161.0
0.6000000000000001	1110	444	666	419.0	629.0	1150	1049.0	968.2	1084.0	249.5	175.1	372.1	122223.5	95291.4	152111.2	1018.1	793.8	1267.1	38178.5	60603.1	48733.8	57506.3	92019.0	73688.2
0.6000000000000001	1110	444	666	419.0	626.5	1200	1041.0	989.5	1093.8	226.4	176.0	323.2	118915.8	97091.6	144791.7	990.6	808.8	1206.1	39259.1	57527.9	47559.0	57451.9	85881.0	71551.7
0.8	1110	222	888	220.0	879.0	0	1099.0	1097.0	1102.0	4386.7	4002.0	4841.4	561578.4	549593.6	573128.9	4677.9	4578.1	4774.2	82619.1	89978.2	86548.7	464725.0	485419.1	474762.1
0.8	1110	222	888	218.0	869.0	50	1087.0	1081.0	1091.0	4111.2	3710.9	4455.7	461013.0	449438.0	469833.9	3840.2	3743.8	3913.7	73435.0	80471.9	77220.3	373280.7	391124.6	383236.4
0.8	1110	222	888	213.0	849.0	100	1062.0	1050.0	1069.0	3484.8	3118.1	4029.5	424804.9	409414.4	446922.6	3538.6	3410.4	3722.9	75560.8	84852.8	79115.2	332627.9	363484.0	347199.9
0.8	1110	222	888	205.0	817.0	150	1022.0	998.0	1043.8	2740.6	2387.3	3165.4	426945.7	394011.4	470574.1	3556.5	3282.1	3919.9	76901.4	91920.7	83374.7	316727.2	377476.2	344972.1
0.8	1110	222	888	190.0	761.0	200	949.5	898.2	992.0	2207.9	1870.1	2654.5	401986.6	356260.6	457766.2	3348.5	2968.8	3816.4	68893.6	92563.6	79863.2	287664.5	365508.8	322465.4
0.8	1110	222	888	173.0	693.0	250	866.0	771.2	946.0	1623.9	1381.1	1983.5	334467.2	270161.8	389405.5	2787.6	2254.0	3244.5	53564.4	77875.5	66906.7	214740.6	310111.1	268125.4
0.8	1110	222	888	162.5	649.0	300	810.0	711.0	887.0	1252.3	1057.0	1578.9	254890.4	214689.2	311173.7	2125.3	1790.3	2592.1	42773.5	62185.5	51802.7	171677.2	248982.1	204751.0
0.8	1110	222	888	155.0	623.5	350	776.5	664.5	868.2	1046.4	829.4	1396.6	229144.6	167119.5	279383.3	1909.0	1393.2	2327.3	33142.1	54917.2	44485.8	135542.1	222314.8	182888.5
0.8	1110	222	888	151.0	595.0	400	743.5	672.2	838.8	838.2	598.6	1099.3	191657.2	148261.2	230956.1	1597.9	1235.0	1926.4	29222.3	47055.8	38286.1	119405.5	186916.4	153645.3
0.8	1110	222	888	151.0	609.0	450	761.5	681.2	840.8	727.2	522.8	941.0	170606.8	130950.1	216079.0	1422.6	1092.5	1800.9	26097.7	43197.9	34592.2	104099.7	172495.5	136977.0
0.8	1110	222	888	156.0	623.5	500	777.5	704.0	859.5	580.4	437.1	780.9	162404.0	130835.4	196288.6	1352.9	1091.8	1635.5	26122.6	39364.7	32137.5	105115.1	156727.8	130927.7
0.8	1110	222	888	161.0	643.0	550	805.5	711.5	874.8	561.5	398.7	695.9	153969.9	117913.5	194588.3	1282.6	983.2	1621.0	23205.5	38292.1	31081.2	94171.2	156509.6	123201.0
0.8	1110	222	888	161.0	643.0	600	804.0	733.2	887.0	465.7	359.5	617.4	146201.2	118711.2	181775.0	1217.9	988.9	1518.1	23147.2	35653.7	28868.5	96029.8	145750.3	117534.9
0.8	1110	222	888	172.0	682.5	650	853.0	782.2	927.5	442.5	327.4	606.1	149831.9	119216.2	181981.9	1248.1	996.3	1515.9	23850.6	36936.1	30972.8	94872.7	145410.1	119545.4
0.8	1110	222	888	177.0	703.0	700	880.0	812.0	957.8	429.3	326.0	567.9	150821.6	119712.3	185217.1	1257.8	998.8	1542.9	24341.5	37088.9	30884.5	95813.6	147480.2	121082.7
0.8	1110	222	888	181.0	723.5	750	902.0	831.0	969.2	372.9	282.6	510.2	142992.0	116953.9	175006.2	1192.3	974.2	1457.8	23294.8	35135.8	28958.3	93564.9	139607.9	115025.4
0.8	1110	222	888	183.0	728.5	800	910.5	822.2	981.5	347.9	258.7	464.3	136877.6	107698.5	171500.4	1141.7	900.4	1428.6	21231.5	34455.8	27229.8	86546.1	137058.3	110259.3
0.8	1110	222	888	189.0	757.0	850	945.0	873.8	1007.8	331.8	254.4	461.8	136516.8	114015.5	164638.3	1137.2	949.7	1372.2	22472.2	33408.1	27633.8	90740.2	132078.6	108809.6
0.8	1110	222	888	196.0	778.5	900	972.0	908.2	1036.0	325.0	233.5	429.3	141019.9	109187.9	166429.8	1174.7	909.5	1386.4	21576.5	33221.7	27697.4	87774.3	134649.7	112177.0
0.8	1110	222	888	194.0	779.5	950	972.5	900.5	1028.8	310.0	240.7	407.6	135646.7	108081.0	161823.6	1130.3	902.0	1349.1	21532.1	32199.9	27151.2	86433.4	129049.9	108461.0
0.8	1110	222	888	200.0	793.5	1000	993.0	927.0	1049.8	283.6	205.6	402.2	133919.2	106127.3	165196.5	1115.5	884.0	1376.4	21090.2	32425.6	27031.8	84258.5	133549.5	107211.9
0.8	1110	222	888	203.0	806.5	1050	1010.0	940.8	1065.0	300.8	214.1	385.5	135757.2	109378.0	160572.7	1130.9	911.1	1339.4	21151.2	32389.1	27101.8	87202.9	128504.0	108642.1
0.8	1110	222	888	205.0	813.5	1100	1018.0	954.2	1067.0	262.1	189.2	362.5	125275.3	99211.7	154801.1	1043.5	826.4	1289.5	19578.9	31039.1	25045.0	79721.2	124210.7	100239.8
0.8	1110	222	888	207.0	826.5	1150	1031.0	967.0	1072.8	259.3	190.2	359.2	127808.6	103150.8	150916.4	1064.6	859.2	1257.1	20663.6	30365.2	25515.7	82267.2	121545.5	101518.7
0.8	1110	222	888	209.0	831.0	1200	1038.5	983.8	1083.5	247.0	167.3	338.2	122976.1	96040.8	153018.9	1024.4	800.0	1274.6	19633.8	30893.1	24270.8	76726.8	121870.7	97728.9
1.0	1110	0	1110	0.0	1101.0	0	1101.0	1098.0	1103.8	4487.9	4067.0	4946.1	596801.1	585004.2	607710.4	4971.4	4873.1	5062.2	0.0	0.0	0.0	585004.2	607710.4	596801.1
1.0	1110	0	1110	0.0	1090.0	50	1090.0	1086.0	1094.0	4199.0	3779.7	4665.9	475285.5	462108.6	485691.2	3959.1	3849.4	4045.8	0.0	0.0	0.0	462108.6	485691.2	475285.5
1.0	1110	0	1110	0.0	1068.0	100	1068.0	1057.0	1075.0	3559.0	3142.0	4101.4	421271.5	403953.1	441316.0	3509.2	3364.9	3676.2	0.0	0.0	0.0	403953.1	441316.0	421271.5
1.0	1110	0	1110	0.0	1036.0	150	1036.0	1010.2	1049.8	2832.5	2468.4	3292.6	426106.1	396745.5	458255.3	3549.5	3304.9	3817.3	0.0	0.0	0.0	396745.5	458255.3	426106.1
1.0	1110	0	1110	0.0	984.0	200	984.0	934.0	1015.8	2216.5	1920.4	2639.6	397191.1	353213.6	451488.6	3308.6	2942.3	3760.9	0.0	0.0	0.0	353213.6	451488.6	397191.1
1.0	1110	0	1110	0.0	918.5	250	918.5	825.0	976.0	1788.4	1417.2	2228.1	340433.8	290205.7	391898.3	2835.8	2418.3	3264.5	0.0	0.0	0.0	290205.7	391898.3	340433.8
1.0	1110	0	1110	0.0	853.5	300	853.5	748.2	938.8	1329.6	1085.8	1631.4	288118.9	227593.6	338521.1	2400.0	1897.4	2819.9	0.0	0.0	0.0	227593.6	338521.1	288118.9
1.0	1110	0	1110	0.0	807.5	350	807.5	716.0	896.8	1108.3	853.4	1449.3	239905.9	186350.0	293504.1	1998.4	1553.2	2444.9	0.0	0.0	0.0	186350.0	293504.1	239905.9
1.0	1110	0	1110	0.0	798.5	400	798.5	696.8	878.0	910.4	721.5	1132.0	212744.5	166696.4	251126.0	1773.2	1390.8	2091.9	0.0	0.0	0.0	166696.4	251126.0	212744.5
1.0	1110	0	1110	0.0	805.5	450	805.5	711.2	888.0	746.4	576.8	976.5	195232.6	152285.1	237773.4	1626.3	1270.9	1981.1	0.0	0.0	0.0	152285.1	237773.4	195232.6
1.0	1110	0	1110	0.0	809.5	500	809.5	723.0	883.8	662.9	474.0	904.9	178096.0	133546.9	214682.2	1485.2	1113.4	1788.3	0.0	0.0	0.0	133546.9	214682.2	178096.0
1.0	1110	0	1110	0.0	838.0	550	838.0	747.2	900.0	577.6	448.8	786.0	168377.2	133763.7	202907.6	1404.1	1114.4	1690.2	0.0	0.0	0.0	133763.7	202907.6	168377.2
1.0	1110	0	1110	0.0	837.0	600	837.0	738.8	903.8	499.3	362.0	692.8	157667.4	124147.2	195323.4	1313.4	1034.1	1627.0	0.0	0.0	0.0	124147.2	195323.4	157667.4
1.0	1110	0	1110	0.0	850.5	650	850.5	788.0	923.8	452.3	332.7	614.0	153441.5	118646.6	187042.8	1281.5	988.3	1558.8	0.0	0.0	0.0	118646.6	187042.8	153441.5
1.0	1110	0	1110	0.0	890.0	700	890.0	811.5	961.2	427.6	294.9	597.9	150302.8	112732.4	189338.4	1252.0	939.1	1577.2	0.0	0.0	0.0	112732.4	189338.4	150302.8
1.0	1110	0	1110	0.0	894.0	750	894.0	829.0	965.5	376.8	278.5	509.7	141652.2	112235.5	172197.4	1180.0	934.9	1436.3	0.0	0.0	0.0	112235.5	172197.4	141652.2
1.0	1110	0	1110	0.0	935.5	800	935.5	869.5	999.2	343.1	274.0	460.6	143721.0	119295.0	175073.4	1197.2	993.7	1458.4	0.0	0.0	0.0	119295.0	175073.4	143721.0
1.0	1110	0	1110	0.0	966.5	850	966.5	911.5	1029.8	361.9	280.9	488.8	146339.7	120526.6	175208.7	1219.0	1004.0	1459.5	0.0	0.0	0.0	120526.6	175208.7	146339.7
1.0	1110	0	1110	0.0	971.5	900	971.5	887.0	1026.8	307.1	229.2	439.8	137388.2	106947.2	165177.7	1144.4	890.9	1375.9	0.0	0.0	0.0	106947.2	165177.7	137388.2
1.0	1110	0	1110	0.0	976.0	950	976.0	904.0	1035.0	295.0	225.7	412.9	138179.2	103686.3	167448.8	1151.0	863.7	1394.8	0.0	0.0	0.0	103686.3	167448.8	138179.2
1.0	1110	0	1110	0.0	1009.0	1000	1009.0	929.5	1060.0	301.0	209.5	429.9	134214.5	108755.3	169986.4	1118.0	906.1	1416.0	0.0	0.0	0.0	108755.3	169986.4	134214.5
1.0	1110	0	1110	0.0	1002.5	1050	1002.5	942.2	1062.8	276.7	210.8	381.5	132092.5	100053.5	157727.4	1100.3	833.4	1313.9	0.0	0.0	0.0	100053.5	157727.4	132092.5
1.0	1110	0	1110	0.0	1039.0	1100	1039.0	971.5	1075.8	278.2	214.9	373.9	136232.8	106247.9	165802.1	1136.8	885.0	1381.1	0.0	0.0	0.0	106247.9	165802.1	136232.8
1.0	1110	0	1110	0.0	1034.0	1150	1034.0	971.2	1076.8	236.0	183.4	322.1	127437.7	102438.7	155602.6	1061.6	854.6	1299.4	0.0	0.0	0.0	102438.7	155602.6	127437.7
1.0	1110	0	1110	0.0	1049.0	1200	1049.0	990.2	1093.8	263.9	190.7	357.1	126043.9	98412.8	158311.7	1050.3	819.8	1318.7	0.0	0.0	0.0	98412.8	158311.7	126043.9
