Frac_B	N	N_a	N_b	Med_KE_A	Med_KE_B	Radius	Med_KE	Q1_KE	Q3_KE	Med_time	Q1_endtime	Q3_endtime	Med_AUDPC	Q1_AUDPC	Q3_AUDPC	Med_AUDPC_SPS	Q1_AUDPC_SPS	Q3_AUDPC_SPS	Q1_AUDPC_A	Q3_AUDPC_A	Med_AUDPC_A	Q1_AUDPC_B	Q3_AUDPC_B	Med_AUDPC_B
0.0	1110	1110	0	1043.0	0.0	0	1043.0	1035.2	1052.0	4024.2	3686.4	4401.2	409139.1	399463.8	417592.5	4091.4	3994.6	4178.7	399463.8	417592.5	409139.1	0.0	0.0	0.0
0.0	1110	1110	0	1009.5	0.0	50	1009.5	993.0	1022.0	3776.7	3449.4	4139.8	431581.2	418245.7	448161.3	4315.8	4182.5	4481.6	418245.7	448161.3	431581.2	0.0	0.0	0.0
0.0	1110	1110	0	938.0	0.0	100	938.0	897.2	965.0	3316.0	2921.3	3839.5	517431.0	471588.3	587311.0	5174.3	4715.9	5873.1	471588.3	587311.0	517431.0	0.0	0.0	0.0
0.0	1110	1110	0	798.5	0.0	150	798.5	713.0	878.8	2530.8	2128.9	3099.9	450790.6	363187.8	519588.9	4507.9	3635.5	5198.6	363187.8	519588.9	450790.6	0.0	0.0	0.0
0.0	1110	1110	0	635.0	0.0	200	635.0	556.0	738.0	1744.2	1341.5	2144.7	288921.4	215395.8	374883.2	2889.2	2156.3	3748.8	215395.8	374883.2	288921.4	0.0	0.0	0.0
0.0	1110	1110	0	621.5	0.0	250	621.5	529.2	716.5	1288.0	1042.2	1600.8	222847.7	179889.0	299400.9	2228.5	1801.9	2994.0	179889.0	299400.9	222847.7	0.0	0.0	0.0
0.0	1110	1110	0	578.0	0.0	300	578.0	469.8	663.5	950.2	717.6	1256.5	177798.0	117652.1	229042.1	1781.6	1176.5	2290.7	117652.1	229042.1	177798.0	0.0	0.0	0.0
0.0	1110	1110	0	610.5	0.0	350	610.5	515.2	685.8	765.0	581.6	1001.6	154478.7	116509.7	202524.7	1544.8	1167.3	2027.9	116509.7	202524.7	154478.7	0.0	0.0	0.0
0.0	1110	1110	0	637.0	0.0	400	637.0	544.0	705.8	669.7	497.1	843.8	142565.5	111530.9	185037.2	1430.2	1115.3	1852.6	111530.9	185037.2	142565.5	0.0	0.0	0.0
0.0	1110	1110	0	687.0	0.0	450	687.0	578.5	761.8	619.0	458.1	772.3	145515.5	108813.3	197852.3	1458.8	1089.8	1978.5	108813.3	197852.3	145515.5	0.0	0.0	0.0
0.0	1110	1110	0	699.0	0.0	500	699.0	618.5	766.0	527.6	389.7	678.6	134387.1	102947.5	179554.7	1345.6	1032.5	1798.4	102947.5	179554.7	134387.1	0.0	0.0	0.0
0.0	1110	1110	0	721.0	0.0	550	721.0	648.2	793.0	432.8	336.8	589.3	125108.0	98788.8	157679.3	1251.1	989.1	1576.8	98788.8	157679.3	125108.0	0.0	0.0	0.0
0.0	1110	1110	0	763.0	0.0	600	763.0	695.0	834.5	432.1	321.1	569.0	128698.0	97844.2	162367.8	1290.6	982.1	1625.8	97844.2	162367.8	128698.0	0.0	0.0	0.0
0.0	1110	1110	0	814.5	0.0	650	814.5	741.5	886.8	400.1	297.8	519.0	133314.3	101697.7	163351.1	1333.5	1017.3	1633.5	101697.7	163351.1	133314.3	0.0	0.0	0.0
0.0	1110	1110	0	839.5	0.0	700	839.5	762.8	910.0	381.5	277.5	511.3	129432.5	103692.3	159698.9	1295.5	1039.7	1599.0	103692.3	159698.9	129432.5	0.0	0.0	0.0
0.0	1110	1110	0	857.5	0.0	750	857.5	787.2	928.5	342.2	265.3	457.5	132850.0	99286.8	158576.4	1328.5	995.3	1585.8	99286.8	158576.4	132850.0	0.0	0.0	0.0
0.0	1110	1110	0	903.5	0.0	800	903.5	837.0	967.8	346.5	278.7	438.0	134923.5	109208.5	162367.1	1349.2	1094.6	1624.6	109208.5	162367.1	134923.5	0.0	0.0	0.0
0.0	1110	1110	0	927.5	0.0	850	927.5	857.5	982.5	297.8	210.0	397.9	120604.5	94862.1	154804.4	1206.0	950.1	1548.2	94862.1	154804.4	120604.5	0.0	0.0	0.0
0.0	1110	1110	0	953.0	0.0	900	953.0	878.5	999.0	299.2	215.1	422.6	128745.5	99235.7	159808.2	1291.1	992.4	1598.1	99235.7	159808.2	128745.5	0.0	0.0	0.0
0.0	1110	1110	0	961.0	0.0	950	961.0	901.2	1021.0	283.6	200.3	392.8	124272.9	98588.3	151629.8	1244.7	985.9	1520.0	98588.3	151629.8	124272.9	0.0	0.0	0.0
0.0	1110	1110	0	984.5	0.0	1000	984.5	906.5	1031.8	262.6	177.0	366.2	119013.3	91664.5	153285.6	1190.7	916.6	1533.6	91664.5	153285.6	119013.3	0.0	0.0	0.0
0.0	1110	1110	0	986.0	0.0	1050	986.0	916.2	1053.0	271.3	178.4	389.1	116686.9	94969.8	147119.9	1166.9	949.9	1471.2	94969.8	147119.9	116686.9	0.0	0.0	0.0
0.0	1110	1110	0	1014.0	0.0	1100	1014.0	944.2	1062.0	242.8	176.1	355.0	117263.5	86523.7	145977.4	1173.1	865.2	1459.8	86523.7	145977.4	117263.5	0.0	0.0	0.0
0.0	1110	1110	0	1023.0	0.0	1150	1023.0	955.2	1075.0	239.6	177.5	350.3	120242.0	89495.2	145225.1	1202.4	895.0	1452.3	89495.2	145225.1	120242.0	0.0	0.0	0.0
0.0	1110	1110	0	1034.0	0.0	1200	1034.0	967.0	1082.0	231.5	161.0	323.9	110947.5	87108.9	142226.0	1110.3	871.1	1422.3	87108.9	142226.0	110947.5	0.0	0.0	0.0
0.2	1110	888	222	850.0	220.0	0	1069.0	1064.0	1075.0	4059.6	3747.3	4587.7	453983.4	445523.4	463760.7	4539.8	4455.2	4637.6	326916.6	343813.2	335005.0	114412.8	123634.1	119505.1
0.2	1110	888	222	827.0	216.0	50	1043.0	1034.0	1051.0	3865.8	3521.8	4330.1	430738.0	418323.9	447638.4	4307.4	4183.6	4476.4	324714.8	348490.3	334630.0	92199.8	101395.2	96648.0
0.2	1110	888	222	784.0	206.0	100	990.5	970.0	1008.0	3325.4	2948.8	3837.6	482556.0	454922.0	523059.2	4825.6	4549.2	5230.6	367940.8	424667.1	391146.6	85384.9	98554.7	91462.9
0.2	1110	888	222	716.0	184.0	150	901.5	844.2	948.5	2637.9	2260.8	2984.1	456971.7	411146.9	521743.2	4571.9	4112.5	5222.1	333253.4	428145.0	372500.9	74988.7	97936.2	85522.8
0.2	1110	888	222	632.5	161.0	200	793.0	703.0	867.0	1962.6	1565.3	2350.6	365582.8	300060.7	442849.8	3655.8	3003.1	4428.5	242432.8	364556.5	293072.5	55735.8	81007.2	66766.1
0.2	1110	888	222	570.5	143.0	250	713.0	607.2	804.5	1476.3	1161.0	1818.5	276833.6	212630.3	337897.6	2770.3	2126.3	3379.1	170929.5	271619.7	222334.7	40847.9	63739.7	52306.9
0.2	1110	888	222	513.5	130.0	300	641.5	561.8	747.0	1059.1	825.6	1366.5	199587.4	154619.2	262366.7	1997.3	1549.3	2623.7	125024.5	211627.9	159627.4	29587.8	49081.7	37980.5
0.2	1110	888	222	509.0	130.0	350	637.0	549.0	735.5	859.7	672.9	1105.1	170765.8	123080.4	228547.6	1707.7	1231.6	2285.5	99846.3	184032.9	136394.1	23842.3	44504.5	32377.5
0.2	1110	888	222	526.5	131.5	400	657.5	568.8	743.2	729.9	537.3	957.1	157354.7	114593.2	207257.7	1574.5	1149.5	2073.7	92202.3	167276.0	126797.5	22274.1	39934.8	30207.5
0.2	1110	888	222	565.0	140.0	450	709.0	597.5	794.0	620.4	465.3	842.7	154060.6	111391.0	193217.0	1540.6	1117.5	1935.6	89521.2	154391.9	123310.8	21982.0	38262.3	28860.1
0.2	1110	888	222	566.0	143.0	500	709.5	645.5	784.8	538.7	403.9	715.6	138241.9	113966.0	173060.3	1382.4	1139.7	1733.5	91354.4	139541.0	112223.0	21863.1	34286.8	27534.4
0.2	1110	888	222	605.5	151.0	550	758.0	679.5	827.8	450.3	346.5	611.3	137537.9	105471.3	171200.8	1375.7	1054.7	1714.4	85511.6	137240.0	111549.9	21164.5	33536.3	26986.4
0.2	1110	888	222	634.0	159.0	600	796.0	697.0	868.8	427.4	314.6	612.2	140646.4	108878.2	172331.2	1408.4	1089.9	1724.8	87852.1	137850.9	112869.1	21726.4	33721.4	28166.7
0.2	1110	888	222	651.0	162.0	650	812.5	722.8	884.8	385.4	291.4	513.0	135369.1	104806.7	166637.1	1354.2	1048.8	1666.4	84012.6	134040.7	109000.8	20754.6	32504.7	26604.7
0.2	1110	888	222	669.5	168.0	700	838.5	755.5	907.8	373.7	274.5	501.2	130244.1	101293.7	159350.7	1305.0	1012.9	1593.5	81532.5	128222.9	105674.0	20159.1	31331.6	25923.9
0.2	1110	888	222	701.5	174.0	750	878.5	793.5	933.0	362.4	255.1	471.8	127726.1	100568.1	162050.8	1277.3	1005.7	1620.5	80813.1	131466.8	102582.8	20243.6	31836.7	25063.9
0.2	1110	888	222	721.0	181.0	800	902.0	822.0	963.8	338.9	250.7	471.3	128306.3	98809.8	158791.6	1283.1	988.1	1589.7	78370.6	127260.4	102777.6	19915.8	30916.6	24809.8
0.2	1110	888	222	736.0	186.0	850	920.5	859.0	995.0	315.8	231.2	463.3	128489.0	101867.2	157869.3	1284.9	1018.7	1580.7	81010.0	126933.2	102471.7	20558.2	31443.0	25133.8
0.2	1110	888	222	755.0	189.5	900	944.0	877.5	1001.0	301.2	208.8	408.9	132596.7	102127.6	156788.6	1326.0	1021.3	1567.9	81959.9	125948.5	106089.2	20594.7	31026.7	26324.0
0.2	1110	888	222	774.5	194.0	950	970.0	900.2	1033.8	285.8	210.2	405.6	124605.0	100679.1	153304.2	1246.1	1006.8	1533.0	80741.7	123393.0	100650.0	19257.6	30184.0	24567.8
0.2	1110	888	222	786.0	197.0	1000	983.0	911.0	1041.5	273.5	190.6	397.6	120497.3	91339.0	152048.4	1205.0	913.4	1520.5	73424.6	122236.3	96025.1	18330.8	30215.0	23841.9
0.2	1110	888	222	799.0	200.0	1050	1000.0	938.0	1052.0	243.1	173.9	354.5	120300.5	89796.4	145532.0	1203.0	898.3	1455.3	71743.1	116630.9	96812.2	17949.0	28903.5	23699.2
0.2	1110	888	222	803.5	201.0	1100	1005.5	930.5	1061.0	247.7	184.3	346.3	120360.8	90652.0	150201.0	1203.6	906.5	1502.0	73347.1	121330.1	96813.6	18200.8	29856.0	23618.2
0.2	1110	888	222	828.0	208.5	1150	1036.5	977.0	1076.0	233.8	169.8	326.6	118280.5	93636.4	143654.8	1182.8	936.4	1436.5	75317.4	114528.3	95149.1	18937.8	28902.1	23625.6
0.2	1110	888	222	821.0	205.0	1200	1028.0	974.2	1076.8	207.0	151.1	315.3	115148.7	84722.0	144237.5	1151.5	848.3	1442.4	68073.7	115018.9	92149.6	16992.5	28506.3	22728.1
0.4	1110	666	444	643.0	440.0	0	1083.0	1078.0	1088.0	4030.2	3712.9	4505.9	489496.9	480046.3	498859.0	4895.0	4800.5	4989.2	246513.1	258824.8	252909.2	230221.9	243553.1	236533.4
0.4	1110	666	444	629.0	435.0	50	1064.0	1057.0	1071.0	3913.1	3521.2	4285.6	429100.8	417685.5	440393.1	4291.0	4176.9	4403.9	233513.0	250043.6	240237.0	182686.4	195571.8	188833.4
0.4	1110	666	444	612.0	419.0	100	1032.0	1018.0	1043.0	3313.4	2994.4	3806.7	442901.8	418314.3	472346.5	4429.0	4183.1	4723.5	256976.1	291072.4	272500.9	160488.8	181176.4	168809.3
0.4	1110	666	444	581.5	396.0	150	978.0	946.0	1005.5	2685.7	2263.8	3186.2	444601.9	399104.5	497874.6	4448.2	3991.0	4978.7	248777.4	313925.2	279323.7	153052.3	185431.9	169713.8
0.4	1110	666	444	528.0	356.5	200	885.5	806.2	942.8	1992.7	1641.0	2486.5	371589.6	320360.5	440686.4	3718.6	3207.1	4409.6	199879.1	272311.8	231558.9	121178.5	166594.1	143123.6
0.4	1110	666	444	463.0	315.5	250	776.5	685.5	869.8	1511.3	1201.8	1904.2	292353.5	221282.5	356727.4	2925.1	2213.5	3567.3	135383.2	219404.1	178913.2	85380.4	139181.9	112856.5
0.4	1110	666	444	439.5	298.0	300	730.5	629.8	827.2	1175.0	903.4	1477.5	225845.0	177748.1	284589.7	2260.6	1778.4	2845.9	108737.3	174204.8	137655.6	68519.6	110430.2	88158.7
0.4	1110	666	444	430.5	288.5	350	710.0	613.5	818.8	894.6	701.5	1224.1	198700.1	150925.9	250884.6	1988.6	1509.8	2508.8	90023.0	154877.9	121762.0	58129.4	96665.5	77434.5
0.4	1110	666	444	427.5	287.5	400	712.5	628.5	801.8	779.3	591.7	1001.2	168610.8	134006.2	214773.6	1687.9	1344.2	2149.6	81708.5	132240.3	103084.5	51928.0	84220.8	67457.9
0.4	1110	666	444	435.0	290.0	450	728.5	649.5	822.8	674.8	509.6	856.7	162630.5	123845.0	206445.2	1629.1	1239.7	2064.5	74342.5	124659.0	96926.6	49025.0	81566.4	64264.8
0.4	1110	666	444	461.5	311.5	500	778.0	679.8	855.0	581.4	453.6	769.7	158124.5	126629.4	196656.0	1584.7	1266.3	1969.8	77512.1	118827.6	96024.3	50435.6	79078.0	62943.6
0.4	1110	666	444	464.0	312.0	550	775.0	690.0	855.0	510.1	384.7	685.4	148167.3	111217.4	176189.7	1481.7	1112.2	1761.9	67085.4	105641.1	89620.7	43855.1	69478.9	57925.1
0.4	1110	666	444	492.0	327.0	600	818.5	731.2	883.0	476.5	352.2	629.4	143322.0	116686.8	183613.1	1433.2	1166.9	1836.1	71169.0	110100.8	87064.0	46124.8	71284.3	57011.7
0.4	1110	666	444	507.5	342.0	650	850.0	783.8	920.2	413.0	319.9	554.4	145753.9	116183.4	173988.4	1457.5	1161.8	1742.9	69861.8	105568.9	87900.2	45883.3	68182.8	57613.5
0.4	1110	666	444	515.0	342.0	700	858.0	779.5	936.8	361.4	283.2	498.1	127885.0	104747.2	166155.6	1281.6	1047.5	1662.7	63706.0	100033.4	77353.9	40482.8	65267.9	51481.1
0.4	1110	666	444	541.5	359.5	750	900.5	820.5	957.5	352.9	264.0	490.1	130220.3	103961.7	156465.5	1302.2	1040.5	1565.3	63078.5	95912.6	77717.7	41645.6	62575.6	51699.7
0.4	1110	666	444	541.0	363.5	800	903.0	831.2	972.8	346.6	252.4	471.4	129136.4	103766.8	160009.1	1292.6	1037.7	1600.6	61759.2	95727.7	78339.5	41649.5	63225.4	51401.2
0.4	1110	666	444	566.0	373.0	850	938.0	871.0	996.0	318.5	247.5	452.7	135233.4	108597.0	156658.1	1353.6	1086.0	1570.3	65438.6	94607.4	81814.7	42899.2	62101.5	52570.6
0.4	1110	666	444	576.5	385.0	900	960.5	898.2	1018.0	286.0	206.9	389.9	130420.8	104929.5	160671.0	1304.2	1050.0	1608.8	62993.1	96099.9	77727.3	41661.0	63939.9	52047.8
0.4	1110	666	444	580.5	388.5	950	968.5	884.2	1034.0	296.4	205.0	394.8	128062.3	98228.5	151903.8	1282.8	984.5	1519.0	59222.2	92887.0	77026.0	39364.8	60944.4	50695.3
0.4	1110	666	444	602.5	399.0	1000	1002.5	931.0	1051.8	288.8	198.7	400.1	132371.7	107740.6	155824.0	1323.7	1078.5	1558.2	64973.4	93816.9	79435.8	42961.3	62181.0	51576.7
0.4	1110	666	444	610.5	402.5	1050	1012.0	949.5	1059.0	248.0	172.5	354.0	123528.7	99188.9	150843.5	1235.3	991.9	1513.9	60204.4	91188.3	74424.3	38610.4	60289.2	48968.0
0.4	1110	666	444	615.0	408.0	1100	1022.5	960.2	1067.0	243.9	187.8	330.0	121801.6	101064.8	147021.3	1218.0	1014.5	1470.2	60681.4	88545.7	73967.5	40281.4	58357.0	48339.0
0.4	1110	666	444	619.0	412.5	1150	1032.0	957.2	1078.0	230.5	165.4	348.5	119375.9	92689.9	151066.4	1193.8	926.9	1510.7	55315.9	89497.1	71590.3	36934.9	60009.2	47846.8
0.4	1110	666	444	625.0	418.0	1200	1042.5	976.5	1086.8	249.4	172.1	342.1	118397.3	96579.0	143939.8	1184.5	966.6	1439.4	58472.8	86673.9	71461.9	37941.9	57025.4	47446.8
0.6000000000000001	1110	444	666	432.0	662.0	0	1094.0	1090.0	1097.0	4323.5	3921.1	4755.9	529807.8	519745.8	542027.4	5298.1	5197.5	5420.3	164469.8	174674.5	170041.7	352724.3	370004.2	360079.9
0.6000000000000001	1110	444	666	425.0	655.0	50	1078.5	1074.0	1085.0	3929.9	3599.0	4398.7	438414.5	425942.0	451880.4	4384.1	4259.4	4518.8	151859.9	162738.2	156564.0	272335.8	289442.1	281213.8
0.6000000000000001	1110	444	666	415.0	638.0	100	1054.0	1041.0	1063.0	3401.0	2927.4	3827.6	408501.0	389127.4	429040.3	4085.0	3891.3	4290.4	161695.2	179085.7	169878.5	227839.7	251251.6	239448.1
0.6000000000000001	1110	444	666	403.0	612.5	150	1016.0	987.2	1036.5	2648.5	2370.4	3086.0	420087.9	387177.5	465803.9	4200.9	3871.8	4661.3	163109.0	200159.0	178835.6	221739.4	265916.7	240227.4
0.6000000000000001	1110	444	666	378.0	573.5	200	956.5	878.2	992.8	2044.2	1799.0	2427.8	373972.2	332257.0	418436.8	3739.7	3324.7	4184.4	136077.7	176931.4	159045.9	193249.5	242342.2	213709.6
0.6000000000000001	1110	444	666	349.0	527.5	250	877.5	801.0	944.8	1661.9	1368.7	2082.7	316163.2	279628.5	371802.8	3161.6	2797.2	3718.0	114821.5	156406.9	132584.3	161712.6	215878.2	183495.4
0.6000000000000001	1110	444	666	323.5	493.5	300	819.0	734.0	892.8	1274.7	1006.1	1643.6	263175.3	207815.1	314436.1	2634.1	2080.4	3144.4	83992.3	129997.4	107791.0	123838.5	183035.5	153211.2
0.6000000000000001	1110	444	666	314.0	476.0	350	787.5	679.8	870.8	997.1	810.9	1280.3	228006.9	171660.6	266890.2	2280.1	1716.6	2668.9	69902.4	110890.8	93230.5	100759.1	157679.9	131636.3
0.6000000000000001	1110	444	666	310.5	466.5	400	781.0	674.0	855.8	828.1	620.6	1111.3	193848.0	139832.8	242534.4	1938.6	1400.9	2426.2	57498.8	98356.1	79255.4	82730.8	144726.2	115968.8
0.6000000000000001	1110	444	666	316.0	474.0	450	791.5	684.0	867.2	706.7	556.0	923.5	174742.0	140049.6	223012.1	1749.3	1403.8	2230.1	57057.3	91325.1	72605.8	82671.2	131351.6	104659.7
0.6000000000000001	1110	444	666	318.0	478.0	500	793.5	709.0	878.0	576.0	430.0	802.0	159223.9	122895.1	204639.7	1592.2	1229.0	2049.4	50145.6	83054.5	63495.0	72059.4	121515.0	96211.7
0.6000000000000001	1110	444	666	323.0	491.5	550	814.0	738.0	903.0	528.6	401.9	720.0	153901.9	121558.9	202047.8	1539.0	1216.4	2020.7	49465.4	82002.0	63040.5	73260.5	120109.0	91459.2
0.6000000000000001	1110	444	666	332.0	496.0	600	828.5	754.2	893.0	465.6	346.3	618.5	147413.4	114063.8	181395.9	1475.5	1141.7	1814.0	46048.2	72575.1	59350.2	67518.4	108703.6	87090.7
0.6000000000000001	1110	444	666	350.5	527.0	650	877.0	775.5	940.0	459.1	319.5	614.6	152115.6	116595.8	182034.9	1521.2	1170.3	1820.3	46390.4	73418.9	60925.9	69398.3	107940.4	89123.7
0.6000000000000001	1110	444	666	357.0	529.0	700	884.5	805.2	952.8	393.6	297.6	534.1	139785.0	114381.9	174155.7	1397.9	1143.8	1741.6	45884.4	70384.3	57035.3	68071.4	103055.3	83581.4
0.6000000000000001	1110	444	666	365.5	546.0	750	911.5	839.0	976.8	392.9	273.1	507.6	140994.3	108963.3	167058.2	1409.9	1089.6	1675.7	43225.0	68230.4	56324.9	66018.6	99127.4	84053.8
0.6000000000000001	1110	444	666	376.5	565.0	800	943.5	870.2	996.8	361.5	267.0	462.1	139489.7	113425.0	170748.2	1394.9	1136.0	1707.5	46111.6	69479.1	57040.0	67712.3	100879.5	82322.2
0.6000000000000001	1110	444	666	380.5	574.0	850	955.0	870.0	1011.0	316.0	232.9	425.3	134679.3	108863.9	159129.4	1346.8	1088.6	1591.3	43943.1	64229.4	54366.5	64788.4	95193.3	79756.6
0.6000000000000001	1110	444	666	386.5	581.0	900	966.5	911.5	1021.8	318.5	228.1	453.4	137404.6	107853.4	157890.5	1375.3	1080.2	1578.9	43469.3	63986.5	55311.8	64620.3	94360.4	82038.7
0.6000000000000001	1110	444	666	390.0	585.5	950	979.5	907.2	1031.8	288.3	208.2	407.9	125082.1	99241.1	155239.9	1250.8	992.4	1552.4	39807.6	62886.4	50657.0	59520.8	92869.8	74931.6
0.6000000000000001	1110	444	666	398.0	594.0	1000	991.0	920.2	1049.0	278.5	195.4	387.1	124720.7	97045.5	156192.6	1247.2	970.5	1561.9	38963.0	62957.3	49556.5	57826.5	92859.6	74601.8
0.6000000000000001	1110	444	666	401.5	604.5	1050	1005.0	939.8	1058.5	272.4	198.3	384.5	123901.4	101015.9	150090.6	1239.0	1010.9	1505.1	40741.6	61105.2	49545.7	60432.0	89519.8	74849.3
0.6000000000000001	1110	444	666	406.5	610.0	1100	1016.0	959.2	1064.8	259.2	193.6	374.9	126937.0	100820.8	152468.7	1269.4	1009.1	1526.0	40212.3	61335.0	51454.0	60628.2	91201.5	75391.0
0.6000000000000001	1110	444	666	418.0	627.5	1150	1044.0	977.2	1085.8	228.9	167.0	348.3	127278.0	94763.4	152282.4	1272.8	948.8	1522.8	38032.2	61485.7	51462.7	56928.8	90913.4	75281.5
0.6000000000000001	1110	444	666	415.5	625.0	1200	1042.5	980.5	1081.8	228.2	147.2	330.7	116351.9	92862.7	141088.5	1163.5	929.0	1410.9	37160.5	57230.0	46874.7	55774.6	84374.8	68990.4
0.8	1110	222	888	217.0	884.0	0	1100.0	1098.0	1103.0	4245.7	3867.6	4717.8	566661.4	555517.1	575504.4	5666.6	5555.2	5755.0	82012.2	88999.1	85180.7	471094.2	490501.0	480197.3
0.8	1110	222	888	215.0	877.0	50	1092.0	1088.0	1095.0	3910.5	3585.9	4352.8	446590.9	436537.0	455358.8	4465.9	4365.4	4553.6	73799.0	80662.7	77430.8	360605.2	376516.3	368705.6
0.8	1110	222	888	211.0	861.0	100	1072.0	1063.2	1080.0	3286.0	2894.5	3847.4	388467.8	372174.2	404316.1	3885.8	3721.7	4043.2	76517.0	86613.3	80959.8	295867.3	320503.6	306196.4
0.8	1110	222	888	207.0	839.0	150	1046.5	1027.0	1060.0	2683.4	2347.7	3165.9	391632.9	364744.7	424401.3	3916.3	3647.4	4244.0	78678.3	93312.2	85205.8	286291.3	332524.6	304480.3
0.8	1110	222	888	199.0	802.0	200	1003.0	959.0	1033.0	2131.3	1799.8	2518.5	379968.0	340821.3	419838.7	3799.7	3408.2	4198.4	72680.3	92776.4	81701.2	265954.4	327350.3	299197.3
0.8	1110	222	888	188.5	756.5	250	945.5	884.0	996.8	1667.5	1390.8	2182.1	328237.2	284868.1	370194.6	3284.9	2848.7	3701.9	60897.7	79308.1	70392.3	222548.8	291241.1	257979.1
0.8	1110	222	888	177.0	709.5	300	886.0	787.8	948.8	1351.3	1083.3	1692.3	277862.6	233760.6	326299.4	2778.6	2337.6	3263.0	48813.9	68725.2	58498.3	184876.7	254714.3	221115.5
0.8	1110	222	888	169.0	675.5	350	842.0	747.2	913.8	1084.8	812.7	1367.3	232726.9	188839.1	283286.3	2329.2	1889.4	2832.9	39219.8	58837.9	49112.5	149206.0	224583.2	185236.0
0.8	1110	222	888	165.0	663.5	400	833.5	724.0	918.0	870.4	682.7	1113.5	211635.2	170797.8	261631.2	2116.9	1708.5	2616.3	34841.2	54325.8	44447.6	134312.8	204828.0	168394.2
0.8	1110	222	888	162.0	641.5	450	805.0	708.0	888.5	697.8	541.3	891.4	174307.7	141583.0	217954.1	1743.1	1417.9	2179.5	29190.9	44843.0	35821.3	112350.5	171614.2	138757.0
0.8	1110	222	888	167.0	657.0	500	827.0	736.5	911.8	618.6	478.7	835.3	173930.2	133524.4	213807.0	1739.3	1336.1	2138.1	27683.2	43802.2	36047.9	106325.8	169495.2	138547.5
0.8	1110	222	888	167.0	664.0	550	831.5	738.2	911.0	570.8	413.3	763.9	160137.5	125957.5	201202.5	1601.4	1259.6	2012.0	25350.2	41217.8	32711.1	100206.2	160268.0	127263.1
0.8	1110	222	888	170.0	669.0	600	837.0	777.2	926.8	470.0	374.5	627.5	150626.6	121962.7	180488.8	1507.3	1219.6	1804.9	24683.6	37637.8	30788.5	97407.8	144663.0	119887.2
0.8	1110	222	888	173.5	698.0	650	866.0	774.2	946.8	406.1	309.4	578.5	148547.4	112762.8	181343.4	1485.5	1129.9	1813.4	22505.2	37374.6	29867.8	91414.8	144539.1	118194.8
0.8	1110	222	888	180.0	711.0	700	888.5	815.8	958.8	390.4	294.8	510.4	146212.1	116070.5	172691.2	1462.1	1160.7	1726.9	23637.2	34920.6	29656.5	93295.8	137313.6	115813.8
0.8	1110	222	888	181.5	726.0	750	907.0	816.2	967.5	379.2	285.9	502.6	143547.9	109502.0	170145.3	1435.5	1095.0	1701.5	22336.8	35184.3	28943.6	87131.4	134848.3	114305.0
0.8	1110	222	888	186.0	746.0	800	929.0	848.0	989.0	336.6	253.9	444.0	130602.5	106971.7	160956.5	1307.6	1069.7	1609.6	21593.9	32575.8	26725.9	85320.9	128203.0	103891.8
0.8	1110	222	888	192.0	765.0	850	955.5	884.5	1004.0	325.4	237.4	444.7	137243.2	110527.7	165442.1	1372.4	1106.3	1654.4	22702.7	33688.5	27860.4	87954.7	131821.6	109554.4
0.8	1110	222	888	197.0	784.0	900	980.5	912.2	1036.0	312.8	227.5	401.2	139484.0	115288.5	159049.5	1394.8	1152.9	1590.5	22651.2	32506.9	28332.5	91591.9	127146.8	111149.9
0.8	1110	222	888	198.0	787.5	950	988.0	917.2	1046.8	289.1	213.0	419.7	129929.0	105990.6	163048.7	1299.3	1060.0	1630.5	20860.9	32226.3	26349.1	84739.6	131273.8	103924.8
0.8	1110	222	888	202.0	806.5	1000	1007.0	946.0	1053.8	272.4	204.4	380.8	128829.3	106939.8	150887.5	1288.9	1069.4	1508.9	21614.3	30301.4	26069.7	84715.6	120783.0	102835.3
0.8	1110	222	888	203.5	812.5	1050	1014.5	941.8	1063.0	254.9	175.5	368.9	122606.2	89645.4	151662.7	1226.1	899.0	1516.6	18167.4	30356.4	24957.4	71393.3	120744.5	97659.1
0.8	1110	222	888	205.0	821.5	1100	1027.5	964.2	1071.0	254.3	188.9	352.2	122763.3	98766.4	148530.4	1227.6	988.9	1485.3	19903.0	30066.9	25132.9	78612.9	118894.4	98135.4
0.8	1110	222	888	207.0	825.5	1150	1032.5	976.5	1074.8	254.8	178.8	355.3	124495.0	101282.1	144588.3	1244.9	1012.8	1445.9	20257.1	29204.7	25353.9	80732.3	116374.1	99633.7
0.8	1110	222	888	209.0	840.0	1200	1049.0	989.8	1090.0	246.4	179.9	344.4	121551.2	99704.6	147361.6	1215.5	997.0	1473.6	19862.8	29639.0	24371.3	79216.8	117727.2	96825.2
1.0	1110	0	1110	0.0	1106.0	0	1106.0	1104.0	1107.0	4292.3	3959.2	4730.7	597016.8	586766.8	610775.8	5970.2	5867.7	6107.8	0.0	0.0	0.0	586766.8	610775.8	597016.8
1.0	1110	0	1110	0.0	1100.0	50	1100.0	1096.0	1102.0	3969.0	3603.1	4397.4	459155.5	448597.3	467148.6	4591.6	4486.0	4671.5	0.0	0.0	0.0	448597.3	467148.6	459155.5
1.0	1110	0	1110	0.0	1083.0	100	1083.0	1075.0	1088.8	3285.8	2904.2	3768.6	362252.1	349220.0	378337.5	3622.5	3492.2	3783.4	0.0	0.0	0.0	349220.0	378337.5	362252.1
1.0	1110	0	1110	0.0	1063.0	150	1063.0	1048.0	1071.0	2737.6	2393.7	3060.9	357479.7	336083.1	380478.2	3574.8	3360.8	3804.8	0.0	0.0	0.0	336083.1	380478.2	357479.7
1.0	1110	0	1110	0.0	1028.5	200	1028.5	1000.0	1054.0	2287.2	1906.5	2717.0	348720.6	319076.1	380405.5	3487.2	3190.8	3804.1	0.0	0.0	0.0	319076.1	380405.5	348720.6
1.0	1110	0	1110	0.0	975.0	250	975.0	915.5	1019.8	1691.6	1403.9	2111.5	310627.6	273946.1	355237.6	3106.3	2739.5	3552.4	0.0	0.0	0.0	273946.1	355237.6	310627.6
1.0	1110	0	1110	0.0	936.0	300	936.0	847.5	988.8	1395.1	1109.3	1709.5	278182.2	239144.7	315583.5	2781.8	2391.4	3155.8	0.0	0.0	0.0	239144.7	315583.5	278182.2
1.0	1110	0	1110	0.0	882.0	350	882.0	788.2	946.5	1079.9	816.4	1397.7	230887.2	197371.6	278093.6	2312.4	1973.7	2780.9	0.0	0.0	0.0	197371.6	278093.6	230887.2
1.0	1110	0	1110	0.0	838.0	400	838.0	749.0	931.8	890.1	697.9	1168.5	200297.0	167608.5	244716.8	2003.0	1676.1	2447.2	0.0	0.0	0.0	167608.5	244716.8	200297.0
1.0	1110	0	1110	0.0	859.0	450	859.0	760.0	942.0	691.6	553.6	941.0	187477.4	152165.9	227458.8	1874.8	1521.7	2274.6	0.0	0.0	0.0	152165.9	227458.8	187477.4
1.0	1110	0	1110	0.0	837.5	500	837.5	747.5	911.8	659.2	479.2	855.6	171004.6	137735.8	207530.4	1711.8	1377.7	2075.3	0.0	0.0	0.0	137735.8	207530.4	171004.6
1.0	1110	0	1110	0.0	872.5	550	872.5	784.0	934.5	547.2	425.9	774.1	162632.2	133469.7	194982.9	1629.7	1335.1	1954.2	0.0	0.0	0.0	133469.7	194982.9	162632.2
1.0	1110	0	1110	0.0	887.5	600	887.5	807.2	958.8	509.7	391.2	654.8	159774.8	129309.5	197106.2	1597.7	1293.1	1971.1	0.0	0.0	0.0	129309.5	197106.2	159774.8
1.0	1110	0	1110	0.0	898.5	650	898.5	810.2	968.0	443.6	324.2	612.1	151744.1	122894.3	184951.4	1520.2	1228.9	1850.1	0.0	0.0	0.0	122894.3	184951.4	151744.1
1.0	1110	0	1110	0.0	901.5	700	901.5	828.2	975.0	416.2	301.1	551.9	145039.1	121180.6	176238.3	1450.4	1211.8	1762.4	0.0	0.0	0.0	121180.6	176238.3	145039.1
1.0	1110	0	1110	0.0	927.0	750	927.0	856.2	991.0	380.5	292.2	506.4	142095.1	114547.9	170361.8	1421.0	1145.5	1703.6	0.0	0.0	0.0	114547.9	170361.8	142095.1
1.0	1110	0	1110	0.0	939.0	800	939.0	862.5	1006.0	370.4	267.0	501.8	138935.6	113508.7	171889.7	1389.4	1135.1	1718.9	0.0	0.0	0.0	113508.7	171889.7	138935.6
1.0	1110	0	1110	0.0	968.0	850	968.0	903.2	1032.2	344.2	256.6	448.1	141178.2	112128.8	164455.1	1411.8	1121.3	1644.6	0.0	0.0	0.0	112128.8	164455.1	141178.2
1.0	1110	0	1110	0.0	987.0	900	987.0	928.5	1048.8	315.5	231.9	436.0	135349.4	110886.4	160413.4	1353.5	1108.9	1604.1	0.0	0.0	0.0	110886.4	160413.4	135349.4
1.0	1110	0	1110	0.0	1002.0	950	1002.0	923.2	1054.0	303.7	219.9	408.3	132565.9	108594.1	159232.0	1327.5	1085.9	1592.3	0.0	0.0	0.0	108594.1	159232.0	132565.9
1.0	1110	0	1110	0.0	1005.0	1000	1005.0	942.0	1054.0	273.6	208.4	383.7	128333.4	107823.7	151645.6	1284.5	1078.2	1516.5	0.0	0.0	0.0	107823.7	151645.6	128333.4
1.0	1110	0	1110	0.0	1007.5	1050	1007.5	940.0	1065.0	265.6	192.8	402.6	122778.3	94941.3	150938.1	1227.8	950.9	1509.4	0.0	0.0	0.0	94941.3	150938.1	122778.3
1.0	1110	0	1110	0.0	1032.0	1100	1032.0	977.0	1079.0	245.6	183.3	339.1	128049.0	100947.6	152582.0	1280.5	1009.5	1525.8	0.0	0.0	0.0	100947.6	152582.0	128049.0
1.0	1110	0	1110	0.0	1034.5	1150	1034.5	977.2	1087.0	248.8	184.9	358.4	121325.6	97881.6	146957.8	1213.3	978.8	1469.6	0.0	0.0	0.0	97881.6	146957.8	121325.6
1.0	1110	0	1110	0.0	1055.0	1200	1055.0	998.0	1092.8	255.4	176.5	371.2	122788.9	100173.6	150385.4	1227.9	1001.7	1503.9	0.0	0.0	0.0	100173.6	150385.4	122788.9
