Frac_B	Radius	Med_KE	Q1_KE	Q3_KE	Med_time	Q1_endtime	Q3_endtime	Med_AUDPC	Q1_AUDPC	Q3_AUDPC	Med_AUDPC_SPS	Q1_AUDPC_SPS	Q3_AUDPC_SPS	Q1_AUDPC_A	Q3_AUDPC_A	Med_AUDPC_A	Q1_AUDPC_B	Q3_AUDPC_B	Med_AUDPC_B
0.0	0	1082.0	1079.0	1087.0	3471.9	3189.8	3818.1	425173.0	417860.2	433762.8	3541.7	3480.8	3613.2	3480.8	3613.2	3541.7	0.0	0.0	0.0
0.0	50	1062.0	1055.0	1068.0	3373.3	3055.0	3798.0	384355.6	374678.1	395548.6	3201.7	3121.1	3294.9	3121.1	3294.9	3201.7	0.0	0.0	0.0
0.0	100	1019.0	1001.0	1035.0	2770.7	2501.2	3181.1	407759.6	383856.8	440779.4	3396.8	3198.6	3675.8	3198.6	3675.8	3396.8	0.0	0.0	0.0
0.0	150	962.0	911.0	993.5	2324.0	2059.3	2793.0	420229.6	374849.1	474317.3	3502.5	3123.2	3954.2	3123.2	3954.2	3502.5	0.0	0.0	0.0
0.0	200	850.5	766.0	922.8	1864.4	1561.2	2173.9	351134.5	293735.9	405250.5	2927.4	2448.7	3379.8	2448.7	3379.8	2927.4	0.0	0.0	0.0
0.0	250	742.5	643.8	846.5	1309.2	1071.4	1656.4	254956.5	196789.2	317945.1	2127.0	1641.4	2648.5	1641.4	2648.5	2127.0	0.0	0.0	0.0
0.0	300	713.5	611.0	819.8	1015.8	800.5	1344.3	205795.8	157508.6	264051.0	1714.3	1313.9	2199.5	1313.9	2199.5	1714.3	0.0	0.0	0.0
0.0	350	690.0	594.8	759.5	757.2	614.6	990.8	163146.3	128317.7	201425.5	1359.0	1069.5	1680.8	1069.5	1680.8	1359.0	0.0	0.0	0.0
0.0	400	693.0	613.2	789.8	675.9	514.3	835.6	151226.0	120734.0	187939.8	1261.7	1008.1	1566.1	1008.1	1566.1	1261.7	0.0	0.0	0.0
0.0	450	702.5	633.0	800.5	592.4	433.3	707.6	138896.2	109900.2	181079.7	1160.6	917.0	1508.7	917.0	1508.7	1160.6	0.0	0.0	0.0
0.0	500	756.5	671.0	815.8	500.1	376.8	679.0	140502.5	108496.5	169823.4	1170.4	906.4	1417.0	906.4	1417.0	1170.4	0.0	0.0	0.0
0.0	550	769.0	684.5	847.5	417.7	314.4	577.8	128858.3	101707.7	163117.7	1074.1	847.2	1361.4	847.2	1361.4	1074.1	0.0	0.0	0.0
0.0	600	820.5	728.8	882.5	406.8	305.8	533.6	136603.5	103911.9	168344.2	1140.8	867.0	1402.3	867.0	1402.3	1140.8	0.0	0.0	0.0
0.0	650	841.5	774.0	909.0	377.4	279.4	480.3	128434.3	103676.1	157378.2	1072.7	864.3	1311.8	864.3	1311.8	1072.7	0.0	0.0	0.0
0.0	700	868.5	794.5	932.0	351.8	269.3	472.2	129906.9	106000.1	158841.8	1082.1	883.0	1323.2	883.0	1323.2	1082.1	0.0	0.0	0.0
0.0	750	876.0	806.2	959.8	316.8	232.2	431.4	117800.1	92975.6	153518.8	981.3	774.5	1279.7	774.5	1279.7	981.3	0.0	0.0	0.0
0.0	800	910.0	845.2	975.5	311.5	223.4	418.0	121304.2	98652.7	151491.6	1010.5	823.8	1263.7	823.8	1263.7	1010.5	0.0	0.0	0.0
0.0	850	946.0	867.2	1007.0	290.6	202.9	389.3	122745.5	97827.9	148683.3	1022.5	816.5	1239.7	816.5	1239.7	1022.5	0.0	0.0	0.0
0.0	900	943.0	873.0	1009.8	257.9	197.7	366.1	120914.1	93848.3	148204.2	1009.5	782.8	1235.3	782.8	1235.3	1009.5	0.0	0.0	0.0
0.0	950	979.0	897.8	1043.0	281.0	195.9	386.0	122419.1	97463.9	151491.9	1019.8	813.4	1261.9	813.4	1261.9	1019.8	0.0	0.0	0.0
0.0	1000	999.5	931.2	1052.0	266.3	191.7	357.3	118319.0	92382.8	141276.6	986.6	769.7	1177.7	769.7	1177.7	986.6	0.0	0.0	0.0
0.0	1050	1008.0	927.0	1066.8	246.6	171.8	349.2	115598.3	93328.4	139843.5	962.9	778.6	1165.7	778.6	1165.7	962.9	0.0	0.0	0.0
0.0	1100	1016.0	945.8	1069.8	220.6	155.5	313.1	112968.4	85596.4	140389.2	941.0	713.0	1171.1	713.0	1171.1	941.0	0.0	0.0	0.0
0.0	1150	1024.5	969.5	1079.0	216.5	156.0	312.8	113048.1	92642.1	138333.0	941.7	772.7	1152.3	772.7	1152.3	941.7	0.0	0.0	0.0
0.0	1200	1046.5	979.5	1086.8	203.3	141.0	279.0	109154.8	86057.3	136879.9	911.3	719.2	1141.8	719.2	1141.8	911.3	0.0	0.0	0.0
0.2	0	1094.5	1091.0	1098.0	3682.2	3462.5	4072.2	492406.2	483857.3	502709.3	4101.7	4030.5	4187.6	2801.1	2930.6	2862.2	1193.8	1278.4	1240.2
0.2	50	1078.0	1072.0	1082.0	3515.0	3267.9	3939.8	419428.1	410239.5	428971.3	3493.8	3418.0	3573.3	2495.6	2624.3	2556.8	900.5	974.1	933.3
0.2	100	1046.0	1034.0	1056.0	3033.1	2753.4	3376.6	413524.1	391538.8	437758.0	3444.7	3261.5	3646.5	2536.1	2847.3	2671.8	724.3	824.2	773.0
0.2	150	1006.5	969.2	1027.8	2555.9	2261.5	2981.5	417787.5	383856.2	463844.9	3480.2	3197.5	3866.3	2532.8	3090.3	2748.6	666.0	811.9	738.5
0.2	200	930.5	856.0	986.8	1973.1	1635.0	2443.5	384279.2	327949.8	437129.1	3201.0	2732.7	3641.3	2167.7	2880.4	2521.9	558.6	752.8	659.3
0.2	250	849.5	734.5	920.0	1533.6	1253.0	1785.0	309106.7	247036.3	357305.1	2576.4	2057.8	2976.4	1634.9	2357.5	2044.5	423.3	603.5	516.6
0.2	300	771.5	682.0	860.5	1220.8	953.9	1525.7	244568.9	195334.8	301817.7	2037.7	1629.1	2515.3	1299.7	1998.1	1632.8	321.3	504.2	415.4
0.2	350	718.0	609.0	826.8	931.6	719.7	1191.1	195746.2	140945.2	254765.2	1632.0	1174.1	2122.2	932.9	1695.1	1293.8	235.1	421.8	326.3
0.2	400	734.0	625.0	829.5	730.1	571.8	948.9	174570.0	132491.5	219572.1	1456.6	1106.4	1831.6	884.9	1461.7	1175.9	229.4	376.1	290.3
0.2	450	758.5	662.0	831.0	671.5	513.3	856.0	168312.2	124615.7	208842.4	1402.0	1039.4	1740.6	842.0	1403.9	1115.8	207.3	356.7	283.7
0.2	500	765.5	687.0	840.0	593.1	430.0	755.2	154005.4	121190.4	193297.3	1283.2	1010.6	1610.2	805.2	1289.1	1023.6	200.0	320.6	257.1
0.2	550	795.5	714.2	871.5	502.6	373.3	687.1	143778.0	114576.9	178957.5	1198.6	956.7	1493.3	766.1	1193.5	969.0	192.0	301.2	237.6
0.2	600	815.0	736.0	897.0	446.0	327.9	609.8	141793.8	111106.2	185534.3	1181.1	929.1	1545.5	747.5	1234.3	949.1	188.5	304.6	238.2
0.2	650	850.0	777.0	915.8	426.4	305.7	570.0	134841.0	111334.4	176334.1	1124.3	927.4	1468.9	729.9	1163.9	905.4	185.3	292.2	225.4
0.2	700	866.5	803.2	932.8	390.7	282.5	544.6	137670.7	108757.5	164133.1	1146.8	905.9	1367.7	727.3	1090.9	919.2	182.5	276.8	230.5
0.2	750	894.0	812.2	958.0	375.5	270.6	488.2	135195.9	112039.0	164716.8	1126.2	933.3	1372.1	747.7	1098.1	905.5	188.8	282.5	223.7
0.2	800	912.0	835.2	973.2	337.0	235.2	438.2	135465.8	108864.2	158215.4	1128.4	908.2	1317.9	734.1	1052.2	899.9	180.7	267.3	225.5
0.2	850	941.5	888.0	991.0	301.9	228.6	416.6	130337.5	101889.3	161665.7	1085.7	848.7	1346.9	675.2	1079.1	869.2	172.8	269.1	215.4
0.2	900	956.5	880.0	1021.5	290.5	225.8	401.9	126502.6	101243.7	160090.3	1056.0	843.4	1333.6	679.6	1066.8	851.7	167.8	264.7	209.8
0.2	950	975.0	902.0	1030.5	295.0	210.4	383.4	124437.3	101339.9	151179.3	1037.3	845.8	1259.3	676.9	1003.6	826.1	168.1	251.5	208.8
0.2	1000	979.5	918.2	1042.0	275.3	189.6	385.7	123621.5	99871.5	145889.9	1029.8	831.9	1215.3	666.9	977.8	822.1	161.8	247.3	204.0
0.2	1050	997.0	945.0	1066.8	264.9	195.4	394.7	129115.5	102374.1	159900.8	1075.5	852.8	1332.0	678.4	1067.0	863.4	172.4	266.5	212.3
0.2	1100	1016.5	955.2	1073.8	261.6	188.5	361.9	120402.4	95706.8	152173.4	1003.3	799.0	1267.6	638.4	1025.4	800.3	162.7	254.1	206.5
0.2	1150	1047.0	987.0	1082.8	234.4	168.9	332.0	118373.5	91972.5	141031.5	986.1	766.7	1174.8	616.9	936.6	787.7	155.8	234.3	196.6
0.2	1200	1040.5	979.5	1079.0	221.8	160.6	310.8	120763.4	97166.7	144676.6	1006.0	809.4	1205.2	644.4	970.5	795.1	161.4	238.2	202.7
0.4	0	1099.0	1096.0	1102.0	3786.5	3534.5	4121.3	558034.6	548189.3	567912.0	4648.4	4566.4	4730.7	2108.7	2209.0	2160.2	2425.1	2536.6	2493.5
0.4	50	1088.0	1084.0	1092.0	3585.8	3307.9	3907.1	457866.9	447197.2	467071.6	3814.0	3725.2	3890.7	1861.9	1958.8	1911.6	1842.3	1947.9	1897.6
0.4	100	1066.0	1057.0	1073.0	3127.8	2841.3	3577.4	413604.6	395787.3	433280.7	3445.3	3296.9	3609.2	1834.1	2013.1	1924.0	1456.1	1601.5	1516.5
0.4	150	1034.5	1020.2	1054.8	2701.9	2439.0	3072.2	428482.0	401706.7	465189.5	3569.3	3346.2	3875.0	1940.5	2266.8	2095.3	1392.1	1612.7	1501.4
0.4	200	1000.0	957.2	1026.0	2191.5	1879.8	2602.3	408456.7	369652.3	440833.0	3402.4	3079.2	3672.5	1809.9	2186.9	2010.7	1272.4	1501.5	1384.6
0.4	250	913.0	825.2	980.5	1762.7	1436.6	2154.7	350503.2	303200.0	400046.6	2922.4	2525.7	3332.4	1502.2	1979.6	1724.0	1036.2	1352.8	1190.8
0.4	300	843.5	763.0	924.0	1454.4	1153.1	1798.4	289188.0	242127.2	340466.2	2410.9	2017.6	2836.1	1194.2	1698.6	1428.4	815.7	1140.6	973.5
0.4	350	807.5	702.0	899.0	1114.2	898.1	1398.9	247739.4	195289.8	298555.2	2064.8	1628.9	2487.0	973.4	1499.3	1232.6	668.8	998.6	834.9
0.4	400	805.5	711.0	888.2	940.1	727.3	1172.8	219743.2	172469.4	268404.5	1832.6	1436.7	2235.8	853.1	1333.5	1082.9	591.3	893.6	737.8
0.4	450	783.0	693.2	877.8	757.8	580.8	995.1	190403.3	148136.6	245342.4	1588.2	1235.5	2047.2	747.7	1217.8	945.9	493.4	816.8	649.1
0.4	500	797.5	693.5	890.8	656.2	491.2	830.6	170718.5	135783.4	210087.1	1422.1	1131.1	1750.0	676.4	1039.9	852.7	464.3	702.7	577.9
0.4	550	829.5	744.0	905.8	602.3	467.0	793.8	169361.4	139884.6	215590.4	1410.8	1167.5	1795.9	694.0	1078.2	851.1	474.9	709.8	567.6
0.4	600	820.5	751.0	900.8	502.8	364.3	642.9	160045.9	116839.7	195966.9	1333.2	974.4	1632.4	587.6	984.4	798.5	399.9	665.9	539.0
0.4	650	874.0	790.2	938.5	461.4	351.1	623.9	159967.7	129445.2	202278.9	1332.5	1078.3	1685.0	648.4	1002.4	788.6	428.8	673.2	536.8
0.4	700	889.5	820.2	944.0	444.8	336.5	572.2	158808.9	124513.7	188109.0	1322.9	1037.2	1568.8	622.9	933.2	791.9	420.6	632.4	531.8
0.4	750	901.0	830.2	973.5	415.2	298.5	538.3	150096.3	113175.1	187476.9	1250.3	944.0	1561.7	576.1	936.9	748.1	377.4	628.5	507.1
0.4	800	934.0	870.2	991.0	358.8	278.6	526.9	151914.2	116976.5	181770.0	1266.5	976.6	1514.1	584.3	917.7	761.0	394.2	610.6	509.5
0.4	850	943.0	874.2	1007.8	348.6	262.2	480.6	147090.4	120494.7	172662.1	1225.3	1003.7	1438.3	599.6	863.8	735.8	400.4	569.1	492.4
0.4	900	968.5	907.0	1033.2	320.6	242.3	439.2	143311.9	117527.1	173459.2	1194.7	979.0	1444.9	583.0	861.8	723.7	388.5	576.8	475.4
0.4	950	976.0	916.2	1036.0	324.1	237.7	443.5	138191.6	112423.6	167718.0	1151.1	936.5	1397.1	566.3	828.0	690.9	376.2	555.9	458.6
0.4	1000	1001.5	932.0	1053.0	305.9	216.2	416.2	136327.3	112243.4	168950.6	1136.2	935.4	1407.4	560.7	839.5	678.4	378.1	560.9	458.1
0.4	1050	1018.5	938.2	1060.0	271.1	208.1	381.3	134224.8	103449.9	165369.7	1119.4	861.7	1377.5	515.2	830.0	668.5	350.5	551.3	447.3
0.4	1100	1021.5	958.5	1070.0	293.1	198.0	398.5	133927.7	105331.1	166512.0	1115.6	877.4	1387.0	524.8	838.8	670.5	353.6	557.8	449.2
0.4	1150	1044.0	983.0	1085.0	272.0	199.4	390.6	133216.6	106151.2	159877.3	1109.7	884.2	1331.8	527.3	797.1	675.9	354.6	537.0	441.7
0.4	1200	1045.0	977.0	1094.0	241.0	178.9	357.8	126854.3	101025.4	162415.7	1056.7	841.5	1352.9	505.7	807.0	632.0	334.3	535.9	425.1
0.6000000000000001	0	1103.0	1101.0	1105.0	3907.6	3628.0	4251.9	627068.5	615405.1	636258.4	5223.5	5126.3	5300.0	1409.3	1487.9	1447.0	3698.8	3830.6	3770.2
0.6000000000000001	50	1096.0	1093.0	1099.0	3676.1	3398.3	4012.0	501670.0	493076.2	512206.6	4178.9	4107.3	4266.7	1228.4	1310.8	1280.9	2841.4	2978.1	2909.3
0.6000000000000001	100	1080.0	1073.0	1085.8	3193.8	2970.0	3609.2	423082.8	407878.4	437932.6	3524.3	3397.6	3648.0	1181.5	1295.8	1240.0	2197.1	2362.6	2281.9
0.6000000000000001	150	1061.0	1049.0	1073.0	2774.0	2465.6	3123.8	429185.9	403786.4	450617.9	3577.3	3363.5	3753.6	1265.6	1431.2	1336.1	2083.8	2359.0	2222.9
0.6000000000000001	200	1035.5	1000.2	1056.0	2397.6	2091.2	2826.5	418960.3	388981.9	456506.8	3489.9	3241.4	3802.7	1256.0	1470.3	1350.1	1964.1	2326.1	2142.5
0.6000000000000001	250	986.0	931.5	1028.0	2033.3	1710.6	2474.4	392717.2	348198.9	442379.9	3271.3	2900.5	3685.0	1135.8	1453.9	1279.4	1750.5	2214.4	1994.8
0.6000000000000001	300	918.0	851.2	986.8	1657.2	1382.9	2114.1	338902.5	296076.6	387294.5	2825.4	2466.3	3226.2	969.9	1278.7	1130.3	1497.9	1962.6	1693.7
0.6000000000000001	350	888.0	809.8	960.8	1341.6	1061.1	1662.3	294082.5	247600.3	346103.7	2449.7	2062.5	2883.0	822.9	1145.8	961.3	1235.4	1726.8	1486.4
0.6000000000000001	400	851.0	745.8	920.0	1073.0	873.0	1291.2	244567.7	193097.1	296536.2	2038.5	1608.5	2470.1	638.9	985.9	818.9	977.5	1510.7	1227.6
0.6000000000000001	450	839.0	749.2	938.5	940.1	734.5	1172.5	232053.1	188083.5	276967.5	1934.8	1566.9	2307.1	629.0	925.5	764.4	932.3	1406.0	1160.4
0.6000000000000001	500	848.0	749.8	936.8	835.1	626.1	1075.0	215397.0	165406.2	264407.8	1795.2	1377.8	2203.7	542.8	874.3	722.0	841.5	1328.2	1077.5
0.6000000000000001	550	859.5	784.2	932.8	708.8	546.5	915.1	205490.7	164479.0	242452.2	1712.5	1370.8	2019.6	552.4	817.0	676.4	824.8	1203.2	1032.1
0.6000000000000001	600	870.0	802.2	948.0	651.0	488.6	824.5	194780.1	156996.5	231844.2	1623.3	1308.4	1934.7	517.0	771.2	647.0	792.3	1161.0	967.7
0.6000000000000001	650	883.5	805.2	952.2	563.8	421.6	754.3	185546.1	150788.0	223319.1	1547.8	1256.1	1860.2	501.7	743.8	620.4	753.0	1109.0	934.8
0.6000000000000001	700	900.0	817.8	963.8	503.6	363.8	646.3	170883.2	142689.6	207812.5	1425.1	1188.6	1731.1	472.5	691.5	568.4	714.4	1046.8	857.8
0.6000000000000001	750	913.5	844.0	983.8	481.0	369.4	701.8	171810.0	141436.4	206925.9	1435.0	1178.2	1723.7	473.4	686.7	570.6	703.1	1017.4	863.8
0.6000000000000001	800	950.0	866.5	1008.0	428.9	333.1	605.1	168757.3	140230.7	203260.9	1407.5	1168.1	1693.2	468.7	678.1	557.8	702.8	1020.3	845.8
0.6000000000000001	850	942.5	871.5	1002.0	374.8	286.9	518.7	161743.3	131736.7	195388.3	1349.1	1097.4	1627.6	439.7	657.6	540.8	666.9	972.2	811.4
0.6000000000000001	900	966.5	893.0	1026.5	413.2	303.2	542.0	166229.6	128675.9	198589.2	1384.7	1071.9	1654.2	433.6	655.0	548.6	643.3	978.2	838.5
0.6000000000000001	950	989.5	913.2	1044.0	360.8	280.0	507.8	161714.4	130417.8	192243.9	1347.1	1086.8	1601.4	431.8	642.8	546.5	653.2	964.9	805.2
0.6000000000000001	1000	1002.5	936.0	1053.0	365.7	267.1	499.7	157371.8	126475.0	191520.6	1311.9	1053.8	1595.4	425.7	636.6	530.1	633.0	959.9	792.4
0.6000000000000001	1050	1008.0	941.8	1071.0	323.9	249.8	456.6	148359.9	120788.6	183785.3	1235.8	1008.0	1530.9	404.1	611.5	497.7	603.3	919.3	740.5
0.6000000000000001	1100	1031.5	966.2	1079.0	313.2	238.0	440.6	154316.3	125981.9	187851.2	1285.5	1050.4	1564.8	411.5	625.6	513.2	636.5	940.4	771.1
0.6000000000000001	1150	1032.5	979.0	1080.8	308.6	223.2	438.4	150791.5	122115.4	183100.1	1256.1	1017.2	1525.2	409.3	610.0	495.4	610.5	916.0	755.4
0.6000000000000001	1200	1048.0	985.2	1090.0	277.7	201.5	397.6	143384.1	115975.9	175334.5	1194.4	966.1	1460.5	386.6	584.7	478.9	583.5	876.7	721.1
0.8	0	1105.0	1104.0	1107.0	3989.6	3716.5	4429.4	688527.0	678961.5	699320.1	5735.4	5655.7	5825.3	696.1	752.9	721.4	4937.0	5100.2	5016.7
0.8	50	1101.0	1099.0	1103.0	3789.4	3502.6	4094.2	552812.8	543708.3	561880.8	4604.9	4529.1	4680.5	616.4	667.2	641.2	3899.6	4025.0	3969.4
0.8	100	1089.0	1085.0	1094.0	3417.2	3079.5	3837.5	437452.1	423742.3	450233.6	3644.0	3529.8	3750.4	574.8	630.1	606.0	2936.7	3136.5	3043.1
0.8	150	1079.0	1070.0	1087.0	2856.7	2543.9	3277.4	418122.2	399910.9	438683.5	3483.0	3331.3	3654.2	598.5	686.1	644.4	2722.0	2981.3	2836.6
0.8	200	1068.0	1047.0	1077.8	2482.9	2122.4	2912.4	418977.9	393833.0	448612.2	3490.1	3280.6	3737.1	619.1	724.7	667.3	2653.2	3010.5	2819.7
0.8	250	1042.0	1010.2	1066.0	2185.6	1909.2	2508.5	402127.9	370330.0	438379.3	3349.7	3084.8	3651.7	590.7	731.5	654.8	2475.2	2946.8	2701.7
0.8	300	1008.0	963.0	1053.0	1772.1	1498.0	2075.9	369369.0	336641.4	417261.6	3076.8	2804.2	3475.8	534.3	679.1	602.9	2254.8	2789.6	2482.1
0.8	350	976.0	906.8	1028.0	1536.5	1276.8	1855.2	349356.2	301560.0	391937.4	2910.1	2512.0	3264.8	494.1	647.0	566.9	2022.8	2614.2	2346.6
0.8	400	940.5	871.0	1007.8	1300.6	1044.5	1686.3	308616.2	257459.4	363469.3	2573.5	2144.6	3028.7	422.4	608.1	507.3	1725.7	2421.4	2061.0
0.8	450	925.0	841.0	999.0	1127.0	910.3	1397.0	288370.7	237419.9	329862.5	2402.1	1980.7	2747.8	394.2	541.7	478.9	1580.9	2201.4	1939.1
0.8	500	923.5	817.2	984.0	959.5	738.0	1270.7	258035.5	213614.4	308492.3	2149.4	1779.4	2569.7	356.7	505.2	429.2	1422.4	2050.2	1731.2
0.8	550	914.0	829.2	983.8	884.8	699.0	1129.7	245216.1	199446.9	279010.3	2042.6	1661.8	2324.2	331.1	459.2	401.2	1337.3	1866.4	1637.1
0.8	600	912.5	825.2	982.8	736.6	570.5	966.7	220239.7	184254.2	269269.0	1834.6	1536.1	2243.0	305.2	437.0	360.2	1239.7	1805.6	1471.2
0.8	650	918.0	843.2	983.2	657.4	528.6	853.6	213484.5	169425.7	256710.1	1778.3	1412.6	2139.3	278.8	430.7	351.5	1137.0	1700.6	1425.5
0.8	700	940.0	849.2	1000.5	598.8	443.7	783.7	208524.2	172425.3	243758.8	1737.0	1438.9	2030.5	285.4	410.7	349.0	1156.3	1629.0	1400.2
0.8	750	950.0	872.0	1007.8	534.5	388.0	734.2	202719.6	165415.8	236062.1	1688.7	1380.6	1966.4	277.0	395.4	335.5	1100.8	1580.3	1360.0
0.8	800	973.0	893.0	1027.0	497.7	373.2	695.1	200671.9	159451.3	236182.3	1671.6	1328.2	1967.4	263.7	399.3	329.6	1073.1	1564.8	1334.0
0.8	850	988.0	917.2	1036.8	459.4	341.9	664.3	194323.7	157829.1	234302.9	1620.5	1314.7	1952.3	262.4	386.6	323.8	1050.1	1568.6	1294.2
0.8	900	983.5	920.0	1039.0	423.2	317.0	564.9	181563.5	151930.3	223450.0	1514.3	1265.6	1861.3	251.6	367.1	301.8	1013.3	1481.4	1207.0
0.8	950	1009.0	939.2	1051.0	445.3	323.7	554.8	182833.2	155816.5	216708.3	1523.0	1302.0	1805.2	260.7	361.0	306.3	1035.3	1443.3	1219.6
0.8	1000	1007.5	950.5	1058.8	399.1	304.8	579.5	185461.7	147741.3	216831.3	1544.9	1230.7	1807.8	247.2	362.3	307.3	974.0	1454.8	1233.4
0.8	1050	1017.0	927.5	1073.0	376.2	282.4	588.1	172078.4	144244.1	212161.3	1433.4	1201.6	1768.9	239.6	357.1	292.6	956.9	1403.4	1151.3
0.8	1100	1024.5	962.2	1075.5	369.4	272.3	477.7	171789.4	146754.0	199159.9	1431.0	1222.5	1659.0	244.0	334.7	286.4	978.0	1319.5	1145.5
0.8	1150	1023.0	973.2	1078.8	347.6	252.7	463.3	174593.6	138433.6	203610.5	1454.4	1153.2	1696.1	230.1	342.7	287.6	928.2	1355.1	1167.6
0.8	1200	1039.5	976.0	1095.0	333.0	243.8	438.3	167239.2	131560.4	204842.1	1393.1	1095.9	1706.3	224.4	339.8	279.3	875.3	1364.7	1108.5
1.0	0	1107.0	1106.0	1108.0	4003.2	3704.3	4360.0	756392.5	743472.8	766277.2	6300.7	6193.1	6383.1	0.0	0.0	0.0	6193.1	6383.1	6300.7
1.0	50	1104.0	1103.0	1106.0	3809.0	3525.4	4164.4	604352.2	595349.9	612912.3	5034.3	4959.3	5105.6	0.0	0.0	0.0	4959.3	5105.6	5034.3
1.0	100	1098.0	1095.0	1101.0	3374.4	3094.3	3762.7	459425.1	448047.9	471055.7	3827.0	3732.3	3923.9	0.0	0.0	0.0	3732.3	3923.9	3827.0
1.0	150	1091.0	1087.0	1096.0	2938.4	2652.8	3270.2	413186.4	399581.5	427138.7	3441.8	3328.5	3558.1	0.0	0.0	0.0	3328.5	3558.1	3441.8
1.0	200	1087.0	1078.0	1093.8	2545.4	2249.5	2919.7	404927.6	383653.9	431231.5	3373.0	3195.8	3592.2	0.0	0.0	0.0	3195.8	3592.2	3373.0
1.0	250	1079.0	1061.2	1089.8	2259.7	1983.0	2691.3	406008.0	380627.6	435034.7	3382.0	3170.6	3623.8	0.0	0.0	0.0	3170.6	3623.8	3382.0
1.0	300	1065.0	1037.2	1083.8	2052.3	1749.0	2454.3	394822.4	364722.3	434143.0	3288.9	3038.1	3616.4	0.0	0.0	0.0	3038.1	3616.4	3288.9
1.0	350	1039.0	992.2	1070.8	1768.9	1480.9	2165.0	382775.2	350091.6	419045.2	3188.5	2918.1	3490.6	0.0	0.0	0.0	2918.1	3490.6	3188.5
1.0	400	1023.5	951.5	1060.0	1494.3	1253.6	1812.5	356221.9	314561.8	398423.4	2969.8	2620.3	3318.9	0.0	0.0	0.0	2620.3	3318.9	2969.8
1.0	450	998.5	928.8	1048.0	1290.6	1076.6	1626.2	330592.3	291169.6	372166.9	2755.6	2425.4	3100.2	0.0	0.0	0.0	2425.4	3100.2	2755.6
1.0	500	966.0	893.5	1030.0	1175.3	965.9	1493.1	308093.2	270567.6	348257.7	2566.4	2255.3	2901.0	0.0	0.0	0.0	2255.3	2901.0	2566.4
1.0	550	974.5	911.8	1036.5	1011.2	831.6	1293.1	293086.6	248004.7	338470.6	2441.4	2068.3	2819.5	0.0	0.0	0.0	2068.3	2819.5	2441.4
1.0	600	963.5	904.0	1030.8	927.2	738.8	1229.8	275807.1	235224.4	311944.0	2297.5	1959.4	2598.5	0.0	0.0	0.0	1959.4	2598.5	2297.5
1.0	650	969.0	892.2	1039.0	863.5	677.0	1105.6	263030.3	222905.4	297475.0	2191.0	1856.8	2478.0	0.0	0.0	0.0	1856.8	2478.0	2191.0
1.0	700	965.0	870.2	1028.8	744.0	565.5	1055.0	250693.7	205486.1	285605.5	2088.3	1711.7	2379.1	0.0	0.0	0.0	1711.7	2379.1	2088.3
1.0	750	978.5	907.0	1038.0	677.0	513.3	908.0	233834.7	198463.3	274158.2	1947.8	1653.2	2284.2	0.0	0.0	0.0	1653.2	2284.2	1947.8
1.0	800	984.0	915.2	1032.0	617.1	504.9	847.9	232259.8	197082.4	269523.7	1936.2	1641.7	2245.1	0.0	0.0	0.0	1641.7	2245.1	1936.2
1.0	850	990.5	929.2	1046.5	610.3	478.7	800.5	228892.7	192105.6	270470.6	1906.7	1600.2	2253.0	0.0	0.0	0.0	1600.2	2253.0	1906.7
1.0	900	996.0	930.2	1067.8	556.9	407.8	702.1	221931.1	183613.3	258963.4	1848.7	1529.5	2158.2	0.0	0.0	0.0	1529.5	2158.2	1848.7
1.0	950	1020.0	956.2	1066.8	503.9	376.2	706.9	218503.8	178130.3	254777.6	1820.1	1483.8	2122.3	0.0	0.0	0.0	1483.8	2122.3	1820.1
1.0	1000	1025.0	956.5	1070.2	492.6	372.4	658.0	218485.2	178843.3	247959.6	1820.0	1493.2	2065.5	0.0	0.0	0.0	1493.2	2065.5	1820.0
1.0	1050	1034.0	969.0	1085.8	488.9	379.1	703.8	210338.0	172619.6	246232.9	1754.5	1440.5	2051.1	0.0	0.0	0.0	1440.5	2051.1	1754.5
1.0	1100	1050.5	1000.0	1088.0	436.8	336.3	576.5	208217.9	171352.5	242612.1	1734.5	1427.4	2021.4	0.0	0.0	0.0	1427.4	2021.4	1734.5
1.0	1150	1053.0	995.2	1090.8	427.7	315.0	548.3	213546.9	172351.8	249304.2	1778.8	1437.1	2076.7	0.0	0.0	0.0	1437.1	2076.7	1778.8
1.0	1200	1052.0	986.2	1092.0	416.8	314.3	540.3	204570.1	171886.8	235316.3	1704.1	1431.8	1960.2	0.0	0.0	0.0	1431.8	1960.2	1704.1
