Frac_B	N	N_a	N_b	Med_KE_A	Med_KE_B	Radius	Med_KE	Q1_KE	Q3_KE	Med_time	Q1_endtime	Q3_endtime	Med_AUDPC	Q1_AUDPC	Q3_AUDPC	Med_AUDPC_SPS	Q1_AUDPC_SPS	Q3_AUDPC_SPS	Q1_AUDPC_A	Q3_AUDPC_A	Med_AUDPC_A	Q1_AUDPC_B	Q3_AUDPC_B	Med_AUDPC_B
0.0	1110	1110	0	851.5	0.0	0	851.5	669.0	883.5	3308.9	2994.5	3663.0	328151.6	262775.5	346217.1	820.4	656.9	865.5	262775.5	346217.1	328151.6	0.0	0.0	0.0
0.0	1110	1110	0	712.0	0.0	50	712.0	589.5	757.0	2714.9	2301.8	3178.1	256559.0	203097.6	301890.5	641.4	507.7	754.7	203097.6	301890.5	256559.0	0.0	0.0	0.0
0.0	1110	1110	0	650.0	0.0	100	650.0	542.2	727.0	1649.3	1250.9	2033.1	193431.0	145000.4	233617.5	483.6	362.5	584.0	145000.4	233617.5	193431.0	0.0	0.0	0.0
0.0	1110	1110	0	611.5	0.0	150	611.5	539.2	700.2	1112.3	847.2	1447.4	135068.6	98704.3	175442.5	337.7	246.9	438.6	98704.3	175442.5	135068.6	0.0	0.0	0.0
0.0	1110	1110	0	675.0	0.0	200	675.0	554.5	747.8	838.2	615.6	1118.2	122372.9	91814.2	152588.6	306.5	229.5	381.5	91814.2	152588.6	122372.9	0.0	0.0	0.0
0.0	1110	1110	0	721.0	0.0	250	721.0	617.2	786.8	729.4	525.2	1081.0	113737.0	84786.6	140457.0	284.3	212.2	351.2	84786.6	140457.0	113737.0	0.0	0.0	0.0
0.0	1110	1110	0	740.0	0.0	300	740.0	639.5	817.0	622.9	421.4	904.7	109004.3	85051.3	134522.3	273.3	213.0	336.3	85051.3	134522.3	109004.3	0.0	0.0	0.0
0.0	1110	1110	0	786.5	0.0	350	786.5	669.8	853.0	571.8	351.0	862.9	109047.1	85346.1	133910.8	272.6	213.4	334.8	85346.1	133910.8	109047.1	0.0	0.0	0.0
0.0	1110	1110	0	805.0	0.0	400	805.0	690.2	877.8	518.0	329.6	737.0	105923.0	80773.7	134158.3	264.8	202.4	335.4	80773.7	134158.3	105923.0	0.0	0.0	0.0
0.0	1110	1110	0	870.0	0.0	450	870.0	743.0	910.8	431.6	281.3	656.1	111466.9	87156.1	135531.0	278.7	217.9	338.8	87156.1	135531.0	111466.9	0.0	0.0	0.0
0.0	1110	1110	0	885.5	0.0	500	885.5	765.5	928.8	437.4	252.0	658.3	108252.3	85456.5	141625.6	270.6	213.6	354.1	85456.5	141625.6	108252.3	0.0	0.0	0.0
0.0	1110	1110	0	900.0	0.0	550	900.0	791.2	951.0	430.3	249.6	677.4	112538.3	90062.2	138849.0	281.3	225.5	347.1	90062.2	138849.0	112538.3	0.0	0.0	0.0
0.0	1110	1110	0	915.0	0.0	600	915.0	782.5	962.0	395.4	234.3	669.1	111849.6	84452.4	143545.5	279.6	211.1	358.9	84452.4	143545.5	111849.6	0.0	0.0	0.0
0.0	1110	1110	0	926.0	0.0	650	926.0	780.2	973.0	427.0	244.1	658.4	110759.2	82935.3	138242.6	277.1	207.3	345.6	82935.3	138242.6	110759.2	0.0	0.0	0.0
0.0	1110	1110	0	958.0	0.0	700	958.0	857.0	993.0	333.4	200.2	562.1	108273.8	85738.9	140028.3	270.7	215.0	350.1	85738.9	140028.3	108273.8	0.0	0.0	0.0
0.0	1110	1110	0	977.0	0.0	750	977.0	903.2	1012.0	332.5	212.0	579.8	111881.1	85432.4	142846.8	279.7	213.6	357.1	85432.4	142846.8	111881.1	0.0	0.0	0.0
0.0	1110	1110	0	985.0	0.0	800	985.0	909.2	1019.8	320.2	175.7	535.0	114358.7	84346.0	144641.0	285.9	210.9	361.6	84346.0	144641.0	114358.7	0.0	0.0	0.0
0.0	1110	1110	0	996.0	0.0	850	996.0	918.2	1029.0	309.7	189.6	512.9	114167.9	86080.9	143510.2	285.4	215.5	358.8	86080.9	143510.2	114167.9	0.0	0.0	0.0
0.0	1110	1110	0	1003.5	0.0	900	1003.5	950.0	1035.8	271.9	171.4	443.2	113890.3	89175.4	135195.4	284.7	222.9	338.0	89175.4	135195.4	113890.3	0.0	0.0	0.0
0.0	1110	1110	0	1013.5	0.0	950	1013.5	933.0	1044.0	257.3	164.4	433.9	107349.1	84851.1	135997.3	268.4	212.4	340.0	84851.1	135997.3	107349.1	0.0	0.0	0.0
0.0	1110	1110	0	1024.0	0.0	1000	1024.0	982.8	1053.0	269.7	174.7	450.3	117432.2	87702.1	148219.3	293.6	219.3	371.9	87702.1	148219.3	117432.2	0.0	0.0	0.0
0.0	1110	1110	0	1026.0	0.0	1050	1026.0	973.2	1055.0	223.8	145.2	380.6	106523.0	82062.7	136478.3	266.3	205.2	341.2	82062.7	136478.3	106523.0	0.0	0.0	0.0
0.0	1110	1110	0	1041.0	0.0	1100	1041.0	1003.0	1071.0	252.4	168.5	412.5	116060.0	88587.1	146334.5	290.2	221.7	365.8	88587.1	146334.5	116060.0	0.0	0.0	0.0
0.0	1110	1110	0	1043.0	0.0	1150	1043.0	992.5	1068.0	206.5	143.1	389.4	108585.1	83487.1	133458.7	271.5	208.7	333.6	83487.1	133458.7	108585.1	0.0	0.0	0.0
0.0	1110	1110	0	1049.0	0.0	1200	1049.0	1011.8	1071.8	221.8	149.7	362.9	109522.1	85420.1	138747.7	273.8	213.6	346.9	85420.1	138747.7	109522.1	0.0	0.0	0.0
0.2	1110	888	222	668.0	67.0	0	726.0	590.0	759.8	4598.6	3941.8	5743.1	284727.5	238230.5	310668.9	711.8	596.1	776.7	206848.0	272770.4	254441.0	24635.5	46552.6	35453.7
0.2	1110	888	222	493.0	39.0	50	534.5	457.0	615.0	2933.3	2422.0	3718.2	237548.4	187450.8	294476.1	594.1	469.1	736.6	167816.0	250220.9	210471.5	13764.2	43417.3	28333.5
0.2	1110	888	222	448.5	34.0	100	479.5	398.8	558.8	1691.6	1308.4	2244.3	163062.0	117490.1	209107.0	407.9	293.8	522.9	107668.5	183130.7	140041.5	7535.2	28925.1	16979.5
0.2	1110	888	222	469.5	39.0	150	514.0	449.2	578.5	1204.7	912.2	1556.1	129162.1	97009.5	167715.3	323.1	242.8	419.8	84376.8	145150.0	113715.6	6362.8	24971.0	15202.2
0.2	1110	888	222	488.0	49.5	200	539.5	463.0	620.8	994.6	729.4	1338.2	115636.7	88815.5	146425.2	289.5	222.5	366.5	72426.2	125973.9	94133.0	7665.6	28178.0	17419.0
0.2	1110	888	222	541.0	52.5	250	596.0	524.5	669.8	785.0	591.6	1050.6	113699.5	84197.3	138553.9	284.8	210.5	347.1	69390.5	121907.0	96199.2	6812.2	23312.3	14245.0
0.2	1110	888	222	556.0	62.0	300	626.0	561.5	707.8	719.4	477.0	997.6	112429.4	88720.0	140004.2	281.6	222.3	350.7	69733.7	115631.3	94718.4	8675.0	27393.2	15683.6
0.2	1110	888	222	585.0	68.0	350	669.0	588.2	739.8	647.0	458.7	945.5	113629.3	91550.0	140204.7	284.3	229.4	350.7	73988.4	113928.3	93257.0	11084.7	28890.7	17553.4
0.2	1110	888	222	609.0	81.0	400	705.0	613.8	782.0	583.4	389.1	827.1	112284.7	84386.8	142228.2	281.0	211.2	356.5	69936.5	115560.8	91367.5	10030.1	30153.0	17186.4
0.2	1110	888	222	626.5	90.0	450	735.5	654.0	799.5	583.6	359.9	832.8	117942.8	91118.5	148243.7	295.5	228.4	370.7	70072.0	121166.6	96890.0	10966.2	28606.2	19129.2
0.2	1110	888	222	687.5	93.0	500	774.5	667.8	823.5	546.7	380.8	777.0	119965.0	91676.4	143901.5	300.0	229.3	360.5	73066.9	120667.4	95842.0	11263.5	33375.1	19471.3
0.2	1110	888	222	726.5	101.0	550	819.0	709.2	868.5	493.5	330.8	779.4	124187.6	93234.9	154829.4	311.1	233.3	387.6	74589.6	126306.0	99409.9	11689.1	34950.6	18985.3
0.2	1110	888	222	696.5	110.5	600	806.5	728.2	891.8	520.7	345.5	782.2	123840.0	94149.8	159352.2	309.6	235.9	399.0	72680.8	128122.8	97879.5	14943.5	39460.5	23227.8
0.2	1110	888	222	718.0	117.5	650	829.0	744.2	901.8	538.5	341.7	797.5	127830.4	100330.9	160602.7	319.6	250.8	401.5	80936.0	124044.8	102220.5	14806.4	39794.9	22499.8
0.2	1110	888	222	761.5	120.0	700	862.0	767.2	918.8	443.8	291.5	759.1	121670.1	93639.5	157018.0	304.2	234.4	392.7	73334.5	127528.4	96390.8	14116.7	35066.5	21591.4
0.2	1110	888	222	784.0	132.5	750	886.5	805.2	940.5	416.5	284.8	624.3	126161.5	98195.8	154820.3	315.6	245.5	387.6	78460.0	126701.7	100370.3	14390.5	34443.6	23204.2
0.2	1110	888	222	795.5	139.0	800	912.5	816.0	963.0	456.7	300.4	705.1	125183.2	97800.7	161569.2	313.0	244.5	403.9	79306.5	125302.5	98244.8	15048.5	35762.1	22936.3
0.2	1110	888	222	796.0	146.0	850	912.5	829.2	965.8	403.7	235.2	633.7	120699.8	89776.2	157079.8	302.1	224.7	393.7	71176.5	122795.0	94975.4	14565.5	34333.5	23569.9
0.2	1110	888	222	806.0	153.0	900	942.5	841.0	994.8	436.9	253.0	650.8	129646.9	100231.0	161437.3	324.1	250.6	404.0	79146.1	126232.2	99002.8	16277.5	39755.5	24543.2
0.2	1110	888	222	803.0	162.5	950	950.0	866.5	1001.5	356.1	250.0	530.5	118860.9	94369.4	158916.2	297.8	235.9	397.3	74820.3	123009.4	95163.4	16224.3	34787.2	24281.5
0.2	1110	888	222	819.0	165.0	1000	977.0	878.8	1015.0	399.4	233.2	620.7	124613.3	96141.7	158514.0	311.5	240.4	396.3	71874.5	124021.1	98147.8	17540.6	36121.6	25151.1
0.2	1110	888	222	819.0	170.0	1050	977.0	888.2	1036.8	348.2	211.3	544.1	129298.0	95780.6	164232.3	323.7	239.5	410.6	74369.2	131178.6	102833.4	16302.8	34884.8	24642.9
0.2	1110	888	222	824.0	176.0	1100	988.5	902.5	1033.0	304.7	196.6	531.1	117908.5	89753.4	153657.1	294.8	224.8	384.1	71235.6	119672.3	93018.5	15859.4	34712.8	23331.6
0.2	1110	888	222	832.0	179.5	1150	1006.0	920.5	1048.0	330.8	200.7	576.3	123456.5	90272.7	157419.5	308.6	225.7	393.5	70311.5	124948.8	97916.8	15930.1	36059.4	24871.1
0.2	1110	888	222	838.0	182.0	1200	1018.0	944.2	1054.0	275.5	182.3	455.3	116803.6	90316.0	157137.7	292.2	226.5	392.8	69751.7	122768.4	92443.5	15252.8	33413.7	22843.7
0.4	1110	666	444	378.0	248.0	0	666.5	578.2	724.0	5104.1	4405.2	5820.9	294355.3	256261.8	326724.2	735.9	641.4	816.8	132932.3	182340.3	152893.0	107682.2	164655.0	132942.3
0.4	1110	666	444	287.0	179.5	50	452.5	364.5	542.0	3642.6	2972.1	4425.6	266553.5	210804.1	340052.6	666.8	527.3	850.1	103671.8	197363.0	143270.0	77390.8	161022.7	124889.5
0.4	1110	666	444	264.5	142.0	100	392.5	320.2	489.0	1965.7	1473.1	2496.5	174282.7	122828.2	235806.3	435.7	307.2	589.7	63471.4	135571.4	99015.5	40574.3	103869.7	69658.5
0.4	1110	666	444	285.5	155.5	150	441.0	367.5	511.0	1309.1	987.3	1740.1	137157.6	100102.3	190515.6	343.1	250.3	476.8	54168.2	106885.4	79026.4	34904.5	82548.6	57117.5
0.4	1110	666	444	324.0	164.5	200	486.0	413.2	563.5	1040.7	796.4	1491.2	123910.5	96151.7	170106.8	309.8	240.6	425.7	52916.1	96531.1	74440.3	27934.2	77797.5	54616.5
0.4	1110	666	444	335.5	203.5	250	522.5	446.2	594.0	868.2	623.5	1269.3	118599.9	92631.0	158455.8	297.1	231.9	396.1	44922.9	92158.5	65456.7	32859.5	76570.8	51816.0
0.4	1110	666	444	350.0	214.0	300	564.5	486.2	631.8	770.5	536.5	1063.6	124806.4	93406.5	158434.8	312.3	233.9	396.7	49507.8	93880.7	66870.3	32937.0	72591.4	50169.0
0.4	1110	666	444	393.0	243.0	350	622.0	532.0	698.2	658.3	458.2	985.8	123980.9	96169.9	162292.6	310.0	240.4	405.9	51008.2	99389.1	69758.3	32867.9	69065.5	48707.7
0.4	1110	666	444	414.0	235.0	400	638.5	569.5	718.0	664.3	468.0	941.4	132290.9	102444.5	161386.4	331.2	256.1	403.5	56015.9	95137.7	72455.0	34662.2	74369.4	52394.5
0.4	1110	666	444	431.5	241.5	450	684.0	589.2	756.0	602.5	398.0	866.9	121245.0	97383.5	167969.8	303.1	243.5	419.9	53330.6	94354.5	72881.3	33646.5	74301.5	51212.0
0.4	1110	666	444	448.0	268.5	500	717.5	646.5	783.0	570.6	399.8	827.5	132585.7	104130.8	167980.9	331.5	261.0	420.0	57415.5	101069.3	79849.4	34938.7	74125.2	55659.2
0.4	1110	666	444	456.5	276.0	550	733.5	652.2	803.2	506.5	347.6	691.0	129467.4	99880.9	163961.1	324.1	249.7	409.9	56599.4	102851.7	76031.0	33650.2	69926.5	50398.0
0.4	1110	666	444	478.0	286.5	600	767.0	697.2	819.5	533.1	398.6	761.3	135625.0	108226.6	172660.3	339.2	270.6	431.7	58184.0	103127.0	78951.9	38241.1	74723.0	52984.3
0.4	1110	666	444	489.5	294.5	650	780.0	699.2	861.0	488.9	330.3	773.0	130441.0	97675.8	180491.6	326.8	245.4	451.5	58057.9	103465.8	75693.8	33560.6	73772.7	53107.8
0.4	1110	666	444	498.0	307.0	700	805.5	722.2	884.8	478.4	342.5	747.3	138931.8	101996.6	179462.0	347.9	255.0	448.9	53610.6	106850.6	77046.4	39120.9	82662.7	56612.2
0.4	1110	666	444	512.5	315.0	750	847.5	758.8	905.8	443.3	314.9	666.6	138058.0	102629.4	175904.5	345.9	256.6	440.1	56901.4	107189.7	81660.5	37877.4	79232.7	53816.8
0.4	1110	666	444	526.0	331.0	800	863.5	788.0	929.0	430.4	274.1	688.5	134776.5	104770.0	179315.2	336.9	262.1	448.3	58609.2	107664.6	77919.0	36257.2	75227.5	51815.5
0.4	1110	666	444	529.0	324.0	850	875.5	790.5	930.8	415.5	304.4	589.4	140149.6	102997.9	182251.2	350.4	257.5	455.6	56512.8	108319.5	80668.5	38076.1	76881.7	55211.1
0.4	1110	666	444	531.0	328.5	900	894.5	815.2	940.8	418.2	281.0	651.0	137998.5	105885.6	175633.9	345.0	264.7	439.1	58534.3	102906.5	79526.9	35167.1	75789.5	53525.1
0.4	1110	666	444	529.5	340.5	950	906.0	815.0	951.0	417.9	254.9	641.0	127558.0	99103.3	170390.2	319.2	247.9	426.4	55593.0	99435.8	73768.1	35142.5	72692.0	52523.6
0.4	1110	666	444	540.5	363.0	1000	915.5	835.0	962.0	397.5	267.8	647.6	133226.3	101876.5	177655.2	333.1	254.7	444.8	55971.6	102466.4	77491.0	37522.1	72028.6	51872.5
0.4	1110	666	444	547.5	364.5	1050	926.0	834.2	974.8	389.1	256.8	577.0	131110.6	95912.2	166373.3	327.8	239.8	416.4	54564.6	100717.9	73720.2	34116.9	72977.2	49810.0
0.4	1110	666	444	597.5	365.0	1100	939.5	854.8	1010.2	349.2	229.6	555.2	126644.0	96531.4	165909.8	316.6	241.3	414.8	54278.2	100462.4	77095.0	33180.4	72776.4	51630.3
0.4	1110	666	444	606.0	384.5	1150	951.5	875.2	1009.8	330.5	227.9	478.5	129374.5	85440.8	164497.2	323.4	213.6	411.2	47869.7	103485.2	72188.2	34203.4	67617.1	51808.5
0.4	1110	666	444	606.5	393.0	1200	954.5	873.2	1024.5	321.9	222.2	497.6	123360.8	90661.5	171318.2	308.4	226.7	428.3	50629.9	101846.4	71333.7	34225.6	73578.0	49266.4
0.6000000000000001	1110	444	666	180.0	378.0	0	554.5	452.0	636.0	5072.0	4555.7	5956.9	273111.5	215506.2	310553.0	683.4	539.2	776.6	46487.8	94266.0	69888.0	151706.3	229240.1	205612.5
0.6000000000000001	1110	444	666	113.5	295.0	50	395.0	310.2	504.5	3625.5	3016.7	4208.4	237552.5	161602.8	324078.4	594.5	404.3	810.4	38188.2	113643.4	66604.5	118455.5	213042.8	167463.3
0.6000000000000001	1110	444	666	115.0	257.0	100	358.5	302.0	434.8	2025.1	1570.5	2513.3	161898.2	111424.8	211578.2	405.2	278.9	529.0	24346.3	66410.0	45679.0	72686.8	151231.5	113814.5
0.6000000000000001	1110	444	666	134.0	275.0	150	398.5	332.0	463.8	1438.7	1030.2	1912.2	126693.3	92276.8	166100.8	317.0	231.2	416.0	19707.0	58957.0	37581.6	59121.0	118899.2	85048.5
0.6000000000000001	1110	444	666	150.5	304.0	200	447.0	378.2	508.8	1176.5	850.0	1570.3	120182.5	89209.8	156766.4	301.1	223.7	391.9	24357.2	58702.9	38783.0	54430.4	107355.0	80180.0
0.6000000000000001	1110	444	666	164.0	330.5	250	493.0	432.0	563.0	1017.3	682.3	1369.6	117635.5	90780.4	156311.5	294.4	227.0	391.2	25336.7	60463.5	41918.9	52818.8	105130.9	74325.7
0.6000000000000001	1110	444	666	188.0	345.0	300	536.5	463.5	600.0	852.5	595.0	1189.8	122306.4	90174.9	160221.8	306.2	226.0	401.4	27319.0	60640.3	44428.3	50810.8	102878.2	73875.9
0.6000000000000001	1110	444	666	204.0	370.0	350	559.5	486.5	640.5	784.6	533.3	1100.8	126349.0	92857.2	167483.0	315.9	232.3	418.7	27956.5	66045.1	44897.0	55223.8	109765.6	74707.6
0.6000000000000001	1110	444	666	214.5	394.5	400	590.0	526.2	670.5	682.6	467.4	958.1	126976.0	98544.5	161100.1	318.0	247.2	403.0	28497.6	62098.0	44690.2	55257.0	105353.8	78184.5
0.6000000000000001	1110	444	666	259.5	409.0	450	643.5	559.2	745.2	661.3	468.7	999.0	133525.4	99310.5	177346.1	334.1	248.3	443.4	30248.0	69878.6	51850.3	58135.0	109901.5	81450.0
0.6000000000000001	1110	444	666	247.0	423.0	500	662.0	598.0	750.8	575.6	407.5	873.5	131650.5	98043.0	174014.7	330.1	246.0	435.2	31959.0	64921.6	47383.3	56668.8	113816.8	82065.6
0.6000000000000001	1110	444	666	270.0	444.5	550	708.0	629.5	786.8	608.0	367.0	887.0	138083.5	104073.0	179006.3	345.6	260.7	448.6	33172.9	71231.5	49608.5	60656.5	115015.1	82595.8
0.6000000000000001	1110	444	666	286.5	461.5	600	739.0	646.0	819.2	562.2	386.9	857.2	141843.1	105411.2	172684.4	354.9	264.6	431.7	36896.3	72535.9	48148.7	61506.8	112210.3	84794.7
0.6000000000000001	1110	444	666	300.0	470.0	650	764.0	674.5	836.8	552.7	369.3	797.4	157527.7	119096.4	196926.6	394.5	298.4	492.8	37906.9	77828.5	55761.2	66361.3	126148.4	95376.9
0.6000000000000001	1110	444	666	304.0	478.0	700	773.0	682.2	861.8	504.5	346.2	748.5	146982.2	109293.5	184393.9	367.5	273.2	461.0	34980.1	71328.3	51479.8	66130.2	120604.9	88958.0
0.6000000000000001	1110	444	666	315.0	495.0	750	812.5	720.5	888.8	491.0	339.4	690.0	146214.4	109446.0	184241.1	366.2	274.3	460.7	34757.5	74166.1	50234.4	66958.3	114127.1	87880.3
0.6000000000000001	1110	444	666	314.5	525.5	800	823.5	751.5	906.8	483.6	311.0	756.7	145430.0	113116.0	198486.5	364.2	283.1	496.5	36380.3	75093.3	52529.9	67475.8	122040.0	87362.3
0.6000000000000001	1110	444	666	328.5	518.5	850	851.5	756.8	932.5	452.4	302.6	633.3	149773.4	113310.7	194002.7	374.4	283.3	485.2	35229.0	77076.1	53676.5	68622.0	116070.4	91472.9
0.6000000000000001	1110	444	666	338.5	527.0	900	871.5	794.2	938.8	441.4	313.6	637.8	157610.5	119902.5	201384.4	394.8	300.0	503.5	42489.3	81787.3	57761.2	70040.0	126118.9	91415.8
0.6000000000000001	1110	444	666	362.0	555.5	950	904.5	818.2	965.2	410.9	277.1	607.2	159248.2	115340.8	191732.0	398.1	289.0	479.5	40864.0	80381.5	57150.2	69192.8	122407.1	93963.0
0.6000000000000001	1110	444	666	362.5	561.5	1000	905.0	813.2	988.5	386.1	268.4	594.9	152459.9	115260.7	197338.8	381.1	288.9	493.3	37514.2	74546.3	55056.5	67388.8	122256.0	94471.4
0.6000000000000001	1110	444	666	391.0	565.5	1050	929.5	836.8	1016.8	405.1	268.9	597.7	148517.6	115539.5	193554.0	371.6	288.8	483.9	40834.3	76367.0	57486.1	66863.6	119740.3	91362.0
0.6000000000000001	1110	444	666	391.0	580.0	1100	935.5	847.2	1023.2	402.5	267.6	637.0	158974.6	120256.5	204154.5	397.4	301.5	511.2	42959.1	78038.0	56829.0	69650.0	128859.7	95287.2
0.6000000000000001	1110	444	666	398.0	582.5	1150	954.0	866.2	1031.0	353.1	259.0	563.9	155072.8	103999.0	200276.2	387.7	260.3	500.7	35663.0	75001.2	57216.5	63671.6	122809.4	92423.2
0.6000000000000001	1110	444	666	403.0	592.0	1200	962.5	876.0	1039.0	361.3	248.4	542.1	147388.5	114447.6	194744.6	368.5	286.4	487.8	41721.1	71709.8	56308.1	66800.3	124244.2	91071.3
0.8	1110	222	888	78.0	650.0	0	680.5	569.0	808.5	4736.5	4281.2	5493.4	367403.0	301554.5	420853.8	919.4	754.6	1052.4	10325.6	38231.5	29360.7	285001.6	383975.9	350065.3
0.8	1110	222	888	59.5	530.5	50	592.0	482.0	688.8	3755.8	3084.1	4525.3	293346.6	237243.0	358620.5	733.9	593.8	896.6	16682.0	51893.5	37300.8	208258.7	317650.1	262000.7
0.8	1110	222	888	49.0	466.5	100	521.0	434.2	602.5	2325.8	1773.3	2880.7	208411.3	158831.8	273539.2	521.7	397.2	684.4	8548.7	42127.8	23363.1	143109.5	242056.9	182402.9
0.8	1110	222	888	48.0	456.0	150	512.0	410.5	589.8	1561.3	1163.0	1978.0	150263.7	104629.2	199838.6	375.9	262.0	499.8	6289.0	32142.1	17866.4	91981.2	167744.0	131273.9
0.8	1110	222	888	63.0	477.0	200	542.0	445.2	632.8	1193.9	830.3	1608.1	129029.7	91919.2	173154.8	322.6	230.3	433.7	7864.8	26301.5	16328.6	82337.8	149710.6	107034.3
0.8	1110	222	888	70.5	505.5	250	584.5	489.8	650.8	942.6	752.9	1305.0	123296.4	95257.8	154354.8	308.6	238.9	385.9	7783.0	24432.8	14912.6	79061.5	135950.2	105687.0
0.8	1110	222	888	78.0	562.0	300	636.0	556.8	707.8	798.3	583.0	1198.4	125869.9	101234.7	164903.9	315.2	253.1	412.3	8823.2	27816.7	19052.5	84644.0	141916.1	107765.2
0.8	1110	222	888	85.0	579.5	350	662.0	578.5	751.0	713.2	471.3	1075.7	132203.0	97541.1	172947.5	331.1	244.1	432.6	10050.0	30107.4	19646.5	79254.1	143314.5	110239.5
0.8	1110	222	888	94.0	580.0	400	690.0	610.0	775.0	640.6	467.8	947.8	131839.8	101130.2	157659.7	329.9	253.3	394.7	11738.2	29813.9	19208.9	83887.0	133407.8	107736.0
0.8	1110	222	888	96.0	596.0	450	708.5	626.0	793.5	593.7	394.8	911.8	126710.0	94852.0	162026.0	318.2	237.6	406.1	11119.2	27458.2	18908.5	77319.6	134765.3	108607.0
0.8	1110	222	888	103.0	659.0	500	748.5	654.5	845.8	579.4	377.9	862.5	133030.0	100024.3	177955.3	333.6	251.1	445.9	12889.8	30352.4	18240.0	85264.5	146274.6	111778.3
0.8	1110	222	888	114.5	679.0	550	778.0	701.2	854.8	550.9	345.1	850.7	138397.3	106718.7	172754.4	346.3	267.0	432.1	12430.8	32844.2	21283.6	87830.7	144135.8	115584.6
0.8	1110	222	888	124.0	717.5	600	827.0	706.8	898.0	499.4	348.7	853.6	137661.0	109401.0	170470.3	344.9	273.5	426.2	15017.8	33740.2	21584.5	86476.2	142373.2	114294.5
0.8	1110	222	888	124.0	731.0	650	834.0	743.2	912.8	525.6	332.4	813.1	142276.9	106903.5	176522.0	355.7	267.4	442.5	13430.9	33859.4	21449.1	88017.9	147202.0	115534.0
0.8	1110	222	888	137.0	748.0	700	869.5	765.5	929.0	492.3	317.2	718.4	144989.5	111263.3	182401.6	362.5	278.4	456.6	15726.9	35347.1	24574.6	86692.8	146219.7	117588.8
0.8	1110	222	888	141.0	751.0	750	874.0	767.2	947.0	488.3	293.2	646.7	139172.9	107836.9	177138.2	347.9	269.6	443.8	14017.2	33990.8	21905.0	87503.7	143806.5	113796.9
0.8	1110	222	888	147.0	759.0	800	897.0	776.2	955.8	455.1	276.2	722.9	141592.9	110123.8	175670.2	354.4	275.3	439.5	16265.0	33531.0	23504.4	89413.1	144206.9	114821.4
0.8	1110	222	888	155.0	778.5	850	911.5	812.2	973.8	413.3	266.0	713.8	141467.5	107279.6	178363.5	354.6	268.2	446.2	16252.5	35058.6	24286.8	85703.6	142339.2	112280.4
0.8	1110	222	888	160.5	790.0	900	946.0	842.5	986.8	396.9	256.9	614.0	142738.7	111379.9	181204.6	357.1	279.1	453.2	15663.2	36299.0	24134.5	91451.2	142312.8	115120.2
0.8	1110	222	888	161.0	809.0	950	959.0	867.0	997.0	445.7	253.9	685.4	135658.4	102333.0	186270.7	339.6	255.8	466.1	15857.9	33770.1	23071.7	85055.9	152628.3	111392.8
0.8	1110	222	888	167.0	812.5	1000	969.0	884.0	1006.0	371.9	250.7	589.5	141942.2	107658.4	176279.9	354.9	269.1	440.9	16992.4	33494.6	23835.4	86180.6	148826.2	114533.8
0.8	1110	222	888	169.0	811.5	1050	972.5	864.5	1017.0	347.4	244.4	587.6	136362.0	104377.0	167687.7	340.9	261.4	419.5	17643.0	34550.5	24752.5	84133.6	134548.5	110207.4
0.8	1110	222	888	176.5	829.5	1100	993.0	909.2	1028.8	353.8	263.1	540.3	145118.2	112066.5	182662.6	362.8	280.9	458.2	17789.1	36032.7	25540.9	91046.2	141987.4	118356.6
0.8	1110	222	888	178.0	831.0	1150	997.5	905.2	1038.0	330.7	216.6	522.7	137642.9	100384.6	173838.5	344.5	251.3	434.6	16867.8	35813.1	25593.1	79135.3	138509.5	109382.8
0.8	1110	222	888	182.0	838.0	1200	1012.0	945.0	1042.0	316.7	205.4	588.7	133758.2	105147.9	176136.3	334.6	262.9	440.8	17195.2	35187.9	24839.6	85713.3	140387.0	109649.2
1.0	1110	0	1110	0.0	903.5	0	903.5	760.2	936.0	4485.3	4008.3	5045.3	487725.0	418207.1	509199.0	1220.4	1045.8	1273.0	0.0	0.0	0.0	418207.1	509199.0	487725.0
1.0	1110	0	1110	0.0	777.0	50	777.0	651.2	847.0	3647.5	3078.8	4232.2	308825.1	258806.2	354240.0	772.1	647.2	886.2	0.0	0.0	0.0	258806.2	354240.0	308825.1
1.0	1110	0	1110	0.0	703.5	100	703.5	611.2	798.2	2324.4	1901.1	2905.7	241581.8	197203.2	292914.0	604.3	493.4	733.1	0.0	0.0	0.0	197203.2	292914.0	241581.8
1.0	1110	0	1110	0.0	706.5	150	706.5	615.0	782.8	1592.4	1233.5	1991.7	187999.1	147293.3	230981.9	470.0	368.2	577.5	0.0	0.0	0.0	147293.3	230981.9	187999.1
1.0	1110	0	1110	0.0	702.0	200	702.0	615.5	777.0	1224.5	832.0	1658.5	150834.4	117372.3	178846.8	377.1	293.6	447.1	0.0	0.0	0.0	117372.3	178846.8	150834.4
1.0	1110	0	1110	0.0	770.5	250	770.5	647.0	824.5	1040.3	711.0	1433.7	141394.5	109365.8	173634.2	354.1	273.4	434.1	0.0	0.0	0.0	109365.8	173634.2	141394.5
1.0	1110	0	1110	0.0	772.0	300	772.0	648.5	849.8	835.4	568.4	1169.0	126416.6	98765.8	161055.4	316.3	247.7	403.0	0.0	0.0	0.0	98765.8	161055.4	126416.6
1.0	1110	0	1110	0.0	816.0	350	816.0	699.0	886.0	729.3	455.7	1066.0	131479.5	101041.0	163095.6	329.2	252.9	407.7	0.0	0.0	0.0	101041.0	163095.6	131479.5
1.0	1110	0	1110	0.0	847.5	400	847.5	738.2	905.0	612.4	369.6	985.4	125162.0	102503.1	156937.3	314.0	256.5	393.7	0.0	0.0	0.0	102503.1	156937.3	125162.0
1.0	1110	0	1110	0.0	866.0	450	866.0	743.0	924.8	597.4	335.9	919.9	127034.0	97525.0	160967.0	318.0	244.0	403.3	0.0	0.0	0.0	97525.0	160967.0	127034.0
1.0	1110	0	1110	0.0	897.5	500	897.5	772.5	943.5	567.0	324.4	896.7	124728.5	97869.8	158793.2	312.0	245.0	397.0	0.0	0.0	0.0	97869.8	158793.2	124728.5
1.0	1110	0	1110	0.0	916.0	550	916.0	779.2	961.0	492.9	303.9	851.5	125860.4	98093.9	153289.2	314.7	245.7	383.2	0.0	0.0	0.0	98093.9	153289.2	125860.4
1.0	1110	0	1110	0.0	937.5	600	937.5	826.0	979.0	438.3	258.9	857.9	131438.0	106359.9	165382.1	328.6	266.5	413.9	0.0	0.0	0.0	106359.9	165382.1	131438.0
1.0	1110	0	1110	0.0	948.5	650	948.5	818.8	986.0	430.2	265.0	750.2	124286.0	97910.2	160061.0	311.5	244.8	400.4	0.0	0.0	0.0	97910.2	160061.0	124286.0
1.0	1110	0	1110	0.0	957.0	700	957.0	848.8	994.5	460.7	278.6	755.9	134376.2	105181.6	164954.4	336.1	263.0	412.4	0.0	0.0	0.0	105181.6	164954.4	134376.2
1.0	1110	0	1110	0.0	981.0	750	981.0	866.2	1002.8	392.6	252.4	677.4	132142.9	102321.2	162217.6	330.7	255.8	405.5	0.0	0.0	0.0	102321.2	162217.6	132142.9
1.0	1110	0	1110	0.0	986.5	800	986.5	869.0	1016.8	397.9	244.7	716.7	128720.5	102057.1	159914.8	321.8	255.4	399.8	0.0	0.0	0.0	102057.1	159914.8	128720.5
1.0	1110	0	1110	0.0	1000.0	850	1000.0	925.2	1025.8	383.5	212.8	691.6	137177.4	100801.7	171288.7	342.9	252.0	428.4	0.0	0.0	0.0	100801.7	171288.7	137177.4
1.0	1110	0	1110	0.0	998.0	900	998.0	882.8	1030.0	325.3	210.6	625.7	127900.8	94166.5	158721.8	319.8	235.6	396.8	0.0	0.0	0.0	94166.5	158721.8	127900.8
1.0	1110	0	1110	0.0	1008.5	950	1008.5	911.8	1036.0	315.1	198.6	563.2	126429.3	95883.4	158776.1	316.1	239.7	397.1	0.0	0.0	0.0	95883.4	158776.1	126429.3
1.0	1110	0	1110	0.0	1022.0	1000	1022.0	940.0	1042.0	297.0	189.4	553.7	124841.0	90481.8	163634.0	312.1	227.1	409.1	0.0	0.0	0.0	90481.8	163634.0	124841.0
1.0	1110	0	1110	0.0	1028.0	1050	1028.0	967.5	1044.8	304.6	179.0	508.7	126725.6	95791.9	157967.2	316.8	239.5	394.9	0.0	0.0	0.0	95791.9	157967.2	126725.6
1.0	1110	0	1110	0.0	1032.0	1100	1032.0	970.2	1054.8	277.8	171.0	498.4	122140.0	93493.6	164548.3	305.3	234.2	411.4	0.0	0.0	0.0	93493.6	164548.3	122140.0
1.0	1110	0	1110	0.0	1041.5	1150	1041.5	975.0	1062.0	260.9	167.6	505.0	126723.0	95363.7	162956.5	316.8	238.4	407.4	0.0	0.0	0.0	95363.7	162956.5	126723.0
1.0	1110	0	1110	0.0	1046.0	1200	1046.0	994.0	1062.8	259.7	178.1	463.7	119848.0	88156.4	154240.1	299.6	220.4	385.6	0.0	0.0	0.0	88156.4	154240.1	119848.0
