Frac_B	N	N_a	N_b	Med_KE_A	Med_KE_B	Radius	Med_KE	Q1_KE	Q3_KE	Med_time	Q1_endtime	Q3_endtime	Med_AUDPC	Q1_AUDPC	Q3_AUDPC	Med_AUDPC_SPS	Q1_AUDPC_SPS	Q3_AUDPC_SPS	Q1_AUDPC_A	Q3_AUDPC_A	Med_AUDPC_A	Q1_AUDPC_B	Q3_AUDPC_B	Med_AUDPC_B
0.0	1110	1110	0	853.0	0.0	0	853.0	690.2	884.0	3389.5	3034.8	3769.8	329430.4	274114.1	346778.6	823.6	685.3	866.9	274114.1	346778.6	329430.4	0.0	0.0	0.0
0.0	1110	1110	0	707.0	0.0	50	707.0	579.2	756.8	2653.6	2307.5	3106.6	261323.8	208361.8	304685.8	653.3	520.9	761.7	208361.8	304685.8	261323.8	0.0	0.0	0.0
0.0	1110	1110	0	631.5	0.0	100	631.5	524.2	712.0	1612.0	1291.9	2010.8	182558.1	143377.9	227718.1	456.4	358.4	569.3	143377.9	227718.1	182558.1	0.0	0.0	0.0
0.0	1110	1110	0	637.5	0.0	150	637.5	539.0	712.8	1047.5	813.8	1403.4	137131.9	102081.3	174781.6	342.8	255.6	437.1	102081.3	174781.6	137131.9	0.0	0.0	0.0
0.0	1110	1110	0	645.5	0.0	200	645.5	546.2	742.8	847.8	610.5	1114.1	114598.2	86992.0	147699.7	286.5	217.5	369.2	86992.0	147699.7	114598.2	0.0	0.0	0.0
0.0	1110	1110	0	729.0	0.0	250	729.0	616.2	793.5	749.6	528.6	992.3	114593.7	87594.4	148621.6	286.5	219.2	371.6	87594.4	148621.6	114593.7	0.0	0.0	0.0
0.0	1110	1110	0	744.0	0.0	300	744.0	630.2	826.0	615.6	424.7	903.0	108992.7	84587.3	136763.2	273.1	212.1	342.1	84587.3	136763.2	108992.7	0.0	0.0	0.0
0.0	1110	1110	0	784.5	0.0	350	784.5	666.8	855.8	596.8	393.0	829.5	109724.0	85433.5	133813.4	274.3	213.6	334.6	85433.5	133813.4	109724.0	0.0	0.0	0.0
0.0	1110	1110	0	824.5	0.0	400	824.5	700.2	886.2	511.0	330.5	796.1	113518.0	86724.8	137462.4	283.8	216.8	343.7	86724.8	137462.4	113518.0	0.0	0.0	0.0
0.0	1110	1110	0	860.0	0.0	450	860.0	724.0	910.8	478.0	283.0	732.7	111517.8	83846.0	146935.7	279.3	210.1	367.3	83846.0	146935.7	111517.8	0.0	0.0	0.0
0.0	1110	1110	0	890.0	0.0	500	890.0	752.8	935.8	375.8	246.6	663.9	111213.4	87804.4	140100.4	278.0	219.8	350.3	87804.4	140100.4	111213.4	0.0	0.0	0.0
0.0	1110	1110	0	906.5	0.0	550	906.5	763.5	952.0	392.2	234.0	692.0	108465.9	81892.2	139508.2	271.2	205.2	348.8	81892.2	139508.2	108465.9	0.0	0.0	0.0
0.0	1110	1110	0	928.5	0.0	600	928.5	836.2	967.5	382.5	229.5	581.3	116284.2	90832.4	142961.0	290.7	227.1	357.4	90832.4	142961.0	116284.2	0.0	0.0	0.0
0.0	1110	1110	0	942.5	0.0	650	942.5	829.8	982.8	382.9	231.5	615.5	120740.4	89671.8	146798.1	301.9	224.2	367.0	89671.8	146798.1	120740.4	0.0	0.0	0.0
0.0	1110	1110	0	972.0	0.0	700	972.0	883.2	999.0	381.4	232.9	581.9	118909.9	91443.3	148954.6	297.3	228.6	372.4	91443.3	148954.6	118909.9	0.0	0.0	0.0
0.0	1110	1110	0	971.0	0.0	750	971.0	887.5	1008.8	324.6	191.0	580.4	111917.5	85333.4	140130.1	280.1	213.4	350.3	85333.4	140130.1	111917.5	0.0	0.0	0.0
0.0	1110	1110	0	987.0	0.0	800	987.0	923.5	1016.0	315.9	187.0	530.4	113326.3	88929.7	143093.9	283.3	222.4	357.7	88929.7	143093.9	113326.3	0.0	0.0	0.0
0.0	1110	1110	0	993.0	0.0	850	993.0	930.2	1028.0	294.8	185.0	508.4	116004.9	88711.3	142534.2	290.0	221.8	356.3	88711.3	142534.2	116004.9	0.0	0.0	0.0
0.0	1110	1110	0	1007.0	0.0	900	1007.0	958.2	1036.0	249.2	175.1	488.1	110927.5	78791.3	140757.6	278.1	197.0	351.9	78791.3	140757.6	110927.5	0.0	0.0	0.0
0.0	1110	1110	0	1014.0	0.0	950	1014.0	957.5	1048.0	248.2	163.9	451.2	106491.3	79722.7	141021.2	266.2	200.2	352.6	79722.7	141021.2	106491.3	0.0	0.0	0.0
0.0	1110	1110	0	1025.0	0.0	1000	1025.0	990.0	1054.0	230.1	164.5	418.6	110934.2	86086.7	142800.0	277.3	215.2	357.0	86086.7	142800.0	110934.2	0.0	0.0	0.0
0.0	1110	1110	0	1033.0	0.0	1050	1033.0	994.8	1064.0	235.4	159.9	415.7	113285.1	88873.7	138735.4	283.2	222.2	346.8	88873.7	138735.4	113285.1	0.0	0.0	0.0
0.0	1110	1110	0	1030.0	0.0	1100	1030.0	992.0	1060.0	218.3	147.7	332.1	105599.3	84996.2	132857.3	264.0	212.5	332.1	84996.2	132857.3	105599.3	0.0	0.0	0.0
0.0	1110	1110	0	1040.5	0.0	1150	1040.5	997.2	1069.0	232.8	151.2	420.5	109709.2	83829.8	143927.2	274.3	209.6	359.8	83829.8	143927.2	109709.2	0.0	0.0	0.0
0.0	1110	1110	0	1041.0	0.0	1200	1041.0	1000.8	1070.8	212.9	130.6	345.1	110339.6	85410.4	136134.1	275.8	213.5	340.3	85410.4	136134.1	110339.6	0.0	0.0	0.0
0.2	1110	888	222	566.0	49.0	0	626.0	562.5	732.0	3789.8	3299.5	4317.0	245497.9	219958.0	286648.3	613.7	550.6	716.8	203542.5	268305.8	226100.4	13058.8	24458.9	18738.0
0.2	1110	888	222	488.0	32.5	50	513.5	433.8	588.8	2714.9	2256.7	3279.7	220584.9	173124.5	269541.0	551.7	433.2	674.5	158885.2	248462.0	197178.8	8323.2	29140.0	18806.5
0.2	1110	888	222	440.5	28.5	100	472.5	382.0	546.2	1537.6	1218.7	1968.4	149344.5	109667.3	185705.8	373.8	274.2	464.3	97991.6	172005.4	134419.1	5822.8	18681.4	10577.5
0.2	1110	888	222	460.0	42.0	150	498.0	437.0	583.8	1161.9	857.4	1526.9	121683.5	93488.2	159265.2	304.5	233.8	398.5	79755.3	142061.8	110625.3	6404.2	20864.5	11902.1
0.2	1110	888	222	484.0	47.0	200	535.5	462.0	613.5	861.2	646.0	1175.4	111256.6	80997.7	140943.5	278.3	203.3	352.9	70807.9	126585.2	96820.5	6393.3	21110.8	12203.1
0.2	1110	888	222	529.0	55.5	250	592.0	504.2	666.0	791.8	550.0	1017.1	105078.0	79538.2	135992.8	263.5	198.8	340.6	67280.9	115691.7	91653.5	6729.5	21754.9	12975.5
0.2	1110	888	222	569.5	63.5	300	633.5	565.0	699.0	676.6	451.5	932.4	108258.6	85559.5	135626.5	271.0	214.7	339.6	70065.2	114685.8	92857.4	7495.6	26399.8	15321.0
0.2	1110	888	222	591.0	71.5	350	662.5	584.5	738.8	557.5	372.1	793.3	102371.0	84641.2	129815.7	256.4	212.7	324.5	67320.7	106368.8	87606.1	8032.2	25248.2	15090.0
0.2	1110	888	222	624.5	73.5	400	720.0	618.2	781.8	540.1	378.4	754.1	112696.5	82362.3	137599.2	282.3	207.0	344.6	71316.1	117160.7	93581.4	7667.0	23615.2	16582.2
0.2	1110	888	222	645.5	92.0	450	740.5	648.2	812.0	536.4	376.0	720.9	117277.1	87254.0	147685.4	293.2	218.3	369.5	70379.4	121243.7	92570.5	10023.4	28464.3	16937.5
0.2	1110	888	222	659.0	96.0	500	765.0	670.2	833.0	479.2	330.5	737.2	119836.5	87014.3	152070.3	299.6	217.6	380.2	69851.8	121757.5	99920.2	10503.1	29754.6	18515.9
0.2	1110	888	222	727.5	103.0	550	798.0	713.2	866.5	463.0	303.1	707.8	117203.5	94869.2	147904.9	293.5	238.4	370.0	77351.5	123617.8	97043.5	10698.7	30524.3	17029.0
0.2	1110	888	222	743.5	110.0	600	821.5	731.0	885.0	426.4	283.1	638.0	113912.5	87481.5	146070.8	285.5	218.7	365.2	72750.1	120980.4	93911.2	11190.6	29517.7	17937.4
0.2	1110	888	222	751.5	114.5	650	841.0	748.5	902.0	438.6	309.9	693.7	125754.1	90210.8	155411.2	315.2	225.5	388.5	73294.6	128751.1	101848.2	13837.7	29325.9	20217.0
0.2	1110	888	222	766.0	116.5	700	849.5	766.8	920.0	435.6	283.9	668.1	112583.3	87067.5	145224.1	282.3	217.7	363.1	68772.3	120029.7	93869.9	11414.0	29537.9	19005.7
0.2	1110	888	222	771.5	131.0	750	890.0	783.2	941.0	387.1	250.0	587.7	122629.5	94425.9	154263.4	306.6	236.1	386.1	73991.6	124336.5	96159.9	14684.8	32416.1	23223.3
0.2	1110	888	222	785.0	137.5	800	902.0	793.0	966.0	392.4	232.6	607.8	121117.7	91946.4	151429.9	303.1	230.3	378.6	74013.0	120118.1	95672.8	14120.9	30800.2	20698.0
0.2	1110	888	222	796.5	145.0	850	927.0	814.2	981.8	367.5	238.7	598.2	122148.0	92959.3	153065.8	306.4	232.4	382.7	73798.5	123860.0	99484.1	14674.0	31214.6	21486.8
0.2	1110	888	222	803.5	155.5	900	934.0	838.0	987.8	363.9	227.4	559.3	119942.7	89983.8	151553.0	299.9	225.5	378.9	70482.0	124155.7	97066.7	15190.1	31378.1	22999.8
0.2	1110	888	222	803.0	161.0	950	934.5	872.2	994.8	332.8	216.7	533.7	114220.6	89485.2	146374.2	285.6	223.7	366.2	74017.6	117920.0	92844.9	14330.8	29990.3	22083.4
0.2	1110	888	222	815.0	168.0	1000	966.0	884.0	1014.8	285.2	196.6	478.6	112939.4	90937.9	152511.2	283.2	227.6	381.5	69738.5	123206.0	89727.2	15219.2	32573.3	21602.1
0.2	1110	888	222	826.5	173.0	1050	991.0	918.2	1033.0	335.5	211.9	571.6	119302.2	92765.6	152040.6	298.6	232.2	380.1	72349.7	119848.7	95822.2	17283.8	30996.7	23981.3
0.2	1110	888	222	826.0	174.5	1100	992.5	917.5	1035.8	286.3	193.9	460.3	118971.1	89767.3	156017.7	297.4	224.4	390.0	70809.3	123273.9	94024.8	15270.5	32535.6	22144.0
0.2	1110	888	222	834.5	177.0	1150	999.0	933.2	1043.8	289.5	188.7	471.9	119526.2	87881.9	151769.5	298.8	220.1	379.4	69432.7	120941.9	93472.8	15732.4	32365.4	21321.7
0.2	1110	888	222	839.0	181.0	1200	1019.0	947.0	1051.5	282.1	187.2	467.8	124039.2	89424.5	157094.2	310.1	223.6	392.7	72307.3	127047.7	96710.2	15067.3	31738.1	22355.2
0.4	1110	666	444	379.5	214.5	0	617.0	532.0	682.5	4553.8	3941.7	5403.7	243557.5	207808.8	268417.6	609.5	520.2	671.3	133757.5	181817.1	150075.8	63714.5	100085.7	82756.8
0.4	1110	666	444	277.5	135.5	50	403.0	311.0	503.0	2788.2	2304.1	3339.7	228059.0	166818.2	277731.2	570.9	417.0	695.0	98348.3	179222.5	140835.8	46895.3	114890.2	79238.9
0.4	1110	666	444	253.0	123.0	100	376.5	301.0	476.0	1583.7	1181.8	1993.6	146390.1	100196.1	193026.7	366.2	250.8	482.8	63004.5	122292.5	91062.9	24873.8	78702.5	46164.0
0.4	1110	666	444	280.5	145.0	150	421.5	341.0	505.8	1131.0	831.7	1520.3	121055.5	80230.0	159730.3	302.9	200.7	399.6	49825.9	101646.2	76024.5	24156.8	65821.8	40655.5
0.4	1110	666	444	303.0	158.5	200	450.0	378.5	537.0	898.7	638.8	1273.9	99516.9	76738.0	143043.4	249.2	191.8	357.8	40595.2	90693.8	62370.0	22719.5	55990.9	38340.5
0.4	1110	666	444	336.0	182.0	250	517.5	433.8	593.8	766.0	548.1	1022.5	108371.6	80986.7	143911.8	270.9	203.1	359.8	47679.5	93724.9	67488.8	25546.3	56421.0	39842.7
0.4	1110	666	444	354.0	195.0	300	557.0	466.5	619.5	691.0	464.3	922.7	105666.0	79681.7	143223.6	264.8	199.4	358.1	44174.8	88644.0	67371.8	25848.0	57659.8	38002.4
0.4	1110	666	444	390.5	219.0	350	597.0	523.0	680.2	637.0	427.2	937.3	113045.0	89347.7	145195.7	282.6	223.4	363.0	49147.2	91113.7	68976.2	26380.0	58608.8	42869.4
0.4	1110	666	444	407.5	234.5	400	645.0	550.0	707.8	542.0	394.3	770.0	115748.1	90275.5	138717.9	289.4	226.0	346.8	51693.8	92036.6	71285.6	27174.0	58719.1	40916.5
0.4	1110	666	444	429.0	258.0	450	677.0	607.5	750.5	515.1	366.7	685.8	118852.0	87907.1	151752.6	297.1	220.0	379.7	50769.7	96692.3	75182.5	28206.5	57629.5	41749.8
0.4	1110	666	444	446.0	270.0	500	712.5	634.0	792.0	521.1	353.3	730.0	124280.1	92515.0	162007.3	310.9	231.5	405.1	51133.2	100252.8	73642.0	31310.8	63830.2	44336.3
0.4	1110	666	444	461.5	279.5	550	734.5	657.2	800.5	463.5	336.9	654.0	123984.8	94856.8	159159.7	310.6	237.1	398.2	54953.5	103515.3	76055.0	30991.9	64890.9	45085.5
0.4	1110	666	444	478.0	292.5	600	775.5	710.2	859.0	447.9	332.6	691.2	127071.7	99081.5	165155.6	317.7	247.7	412.9	56865.1	101186.5	75818.3	34523.8	70706.2	49012.5
0.4	1110	666	444	478.0	293.5	650	776.5	694.5	858.8	439.9	311.1	622.8	120895.7	88564.8	158101.1	302.2	222.2	395.3	51172.7	99679.6	71078.3	29254.5	60348.6	42741.0
0.4	1110	666	444	486.5	302.5	700	792.0	723.5	879.2	449.0	296.2	680.8	118383.3	93545.0	151224.0	296.0	233.9	378.8	54991.0	95334.1	70029.8	31022.5	66150.1	44143.1
0.4	1110	666	444	518.5	310.5	750	848.0	750.5	903.8	366.5	263.6	558.4	121997.2	92341.8	155499.1	305.3	230.9	388.7	55442.7	95910.5	72628.5	32237.0	62789.0	47852.2
0.4	1110	666	444	561.5	330.0	800	882.5	794.2	932.0	421.3	278.3	656.3	135569.8	99571.9	172463.2	339.1	249.0	431.2	58497.3	103033.8	81021.3	36934.6	71560.1	51038.9
0.4	1110	666	444	528.0	337.5	850	881.5	805.0	941.5	392.0	269.3	593.1	129239.4	93603.7	172063.6	323.1	234.2	430.2	53719.3	107423.4	73762.3	35531.4	68630.6	50117.5
0.4	1110	666	444	526.0	333.0	900	878.5	789.0	944.0	364.1	246.5	561.5	124741.8	95392.2	161375.4	311.9	239.2	403.4	51903.9	103387.4	73957.2	33229.0	61931.5	44458.5
0.4	1110	666	444	562.0	350.5	950	911.5	831.2	967.8	371.2	241.7	561.5	125305.8	94125.7	170335.8	313.6	235.3	425.8	53032.5	104591.5	75147.5	33056.6	70626.2	47174.5
0.4	1110	666	444	564.5	363.5	1000	916.0	835.2	967.5	344.7	222.0	495.4	122075.1	90730.2	156121.9	305.2	227.3	390.3	53879.2	94687.0	73468.4	32250.7	63438.6	44301.5
0.4	1110	666	444	577.0	385.5	1050	927.0	832.5	988.0	304.0	194.4	483.4	117750.6	85131.7	151907.6	294.4	212.8	379.8	48606.4	95089.0	70321.3	32247.0	61836.5	44118.8
0.4	1110	666	444	600.0	373.0	1100	939.5	869.5	1006.0	330.1	228.1	501.6	122148.8	94926.3	167694.7	305.4	237.3	419.2	52670.1	103557.4	76319.5	32092.7	65788.4	46360.2
0.4	1110	666	444	605.5	391.0	1150	956.0	878.0	1019.5	333.2	222.0	517.1	134706.2	97977.5	174788.3	336.8	244.9	437.0	56304.4	107343.9	75888.1	34783.7	71651.6	50101.9
0.4	1110	666	444	613.0	389.0	1200	965.5	892.0	1030.0	295.4	218.5	483.6	118688.9	89914.7	153671.3	296.7	225.6	384.2	49266.4	95342.2	73014.8	31872.2	63218.0	46019.6
0.6000000000000001	1110	444	666	157.0	328.5	0	478.0	371.0	583.8	4287.4	3796.4	5024.5	184274.4	143481.2	227852.2	460.8	359.2	570.2	34607.8	88196.8	60284.0	91813.0	146668.2	126050.0
0.6000000000000001	1110	444	666	107.5	226.5	50	337.5	265.0	417.0	2610.0	2146.1	3158.8	173037.5	127687.3	245881.8	433.0	319.3	615.2	30992.2	98526.6	58055.7	76141.4	154207.8	111675.0
0.6000000000000001	1110	444	666	118.0	222.0	100	336.5	270.5	411.8	1471.7	1126.9	1974.5	121636.4	80770.1	162110.6	304.3	202.0	405.6	21648.2	66323.2	41039.0	45373.2	108309.2	73004.0
0.6000000000000001	1110	444	666	121.5	256.0	150	370.0	305.0	439.2	1075.8	826.1	1383.4	104082.0	74811.0	135201.2	260.6	187.5	338.4	18330.5	52717.5	33587.0	43458.6	90942.2	65974.0
0.6000000000000001	1110	444	666	137.0	292.5	200	429.5	363.5	489.8	856.6	634.5	1160.7	98686.5	72491.8	132849.5	247.1	181.7	332.3	18469.4	51960.8	34235.5	43320.6	86202.6	63122.5
0.6000000000000001	1110	444	666	167.0	321.0	250	481.5	406.2	551.8	729.7	522.4	973.6	101340.2	74622.0	127736.0	253.4	187.3	319.8	22174.7	53477.8	34312.5	41767.1	80789.8	60997.5
0.6000000000000001	1110	444	666	188.0	337.0	300	520.0	444.2	587.0	626.2	444.2	952.9	104354.4	79423.4	132465.5	261.3	198.7	331.8	25388.2	61150.3	42396.9	45140.7	84686.0	63077.0
0.6000000000000001	1110	444	666	190.5	382.0	350	563.0	485.5	639.0	650.5	425.5	957.1	106873.5	79137.8	138848.8	268.0	198.5	347.7	25580.4	56137.6	39405.5	44648.7	85819.2	62998.7
0.6000000000000001	1110	444	666	223.0	396.5	400	613.0	544.0	684.8	543.7	426.8	751.8	108637.8	85918.5	143064.2	271.8	214.8	357.7	30024.4	61274.7	43876.8	44811.7	86498.4	64513.7
0.6000000000000001	1110	444	666	233.5	416.0	450	636.5	564.2	709.5	533.5	377.0	801.9	118886.4	88225.3	149379.9	297.2	221.6	374.3	32257.5	60662.4	45392.6	49175.5	93780.7	68069.0
0.6000000000000001	1110	444	666	262.5	438.0	500	673.0	606.8	745.8	519.2	393.2	714.9	121463.8	92715.8	153693.5	303.7	232.8	384.8	30435.6	67021.1	47869.6	52733.2	97485.2	71854.4
0.6000000000000001	1110	444	666	271.5	442.0	550	712.5	625.0	798.0	480.7	341.5	665.0	125143.3	89794.4	162899.2	312.9	224.7	407.3	33771.5	64565.1	48171.0	52165.5	102315.2	70472.6
0.6000000000000001	1110	444	666	282.5	453.5	600	723.0	644.2	801.0	451.6	316.5	658.2	122719.1	92188.6	159014.4	307.1	230.7	397.7	30643.0	62025.6	45241.1	52828.6	99810.2	73830.8
0.6000000000000001	1110	444	666	304.0	466.5	650	766.5	681.0	841.8	461.0	322.3	656.1	136836.2	102515.5	172355.1	342.1	256.6	431.2	36630.0	74725.2	50343.8	57600.0	99703.0	77536.5
0.6000000000000001	1110	444	666	312.0	479.5	700	794.5	719.8	863.2	447.3	331.2	622.3	131678.4	100812.8	169153.0	329.8	252.0	423.3	32734.8	72714.1	49650.9	55050.8	101685.5	77102.0
0.6000000000000001	1110	444	666	324.0	495.0	750	815.0	729.0	898.0	457.7	326.6	647.7	142975.4	104432.9	175614.6	357.4	261.1	439.0	38387.6	77306.7	54642.2	59497.6	106997.2	83384.1
0.6000000000000001	1110	444	666	318.5	503.5	800	827.5	739.5	901.8	415.6	282.9	626.5	134136.3	95471.1	178020.9	335.3	239.6	445.1	33848.7	74636.8	49326.4	52258.7	104635.0	79577.5
0.6000000000000001	1110	444	666	328.0	515.5	850	857.0	777.0	919.8	409.3	288.9	617.8	144867.0	109333.3	182978.7	362.5	273.3	458.1	38643.2	78274.4	56278.9	60857.9	109983.4	83812.0
0.6000000000000001	1110	444	666	345.0	533.5	900	876.5	792.2	948.5	381.4	267.9	602.7	133649.2	100856.7	173750.2	335.0	252.6	434.4	34627.1	71893.7	53847.7	55725.5	102414.2	76303.5
0.6000000000000001	1110	444	666	349.0	539.0	950	883.0	817.5	943.8	348.1	253.9	533.1	134274.5	104229.3	169127.0	335.7	260.8	423.4	34283.3	72243.1	50743.0	58017.1	105943.6	80292.8
0.6000000000000001	1110	444	666	374.0	535.5	1000	909.0	829.2	968.8	378.9	261.7	540.0	142314.8	105478.4	176096.0	356.0	263.7	441.0	40783.2	76243.9	57082.7	58089.9	104849.1	83266.7
0.6000000000000001	1110	444	666	391.0	552.5	1050	915.5	829.2	1003.2	353.6	268.3	515.7	138523.3	106512.8	181058.1	346.5	266.3	452.6	38399.7	75416.9	53185.6	60592.9	110049.8	80197.7
0.6000000000000001	1110	444	666	395.0	575.5	1100	935.5	866.5	1019.8	337.6	238.9	494.4	127596.5	96708.8	164791.6	319.5	241.8	412.0	33479.9	70173.4	52302.2	56471.3	98285.7	74888.7
0.6000000000000001	1110	444	666	398.5	593.5	1150	956.5	885.2	1033.5	332.5	235.8	470.9	136429.1	96185.3	174913.6	341.1	240.5	437.4	32677.7	71528.7	52408.9	57075.6	103232.1	80483.4
0.6000000000000001	1110	444	666	405.5	599.0	1200	976.0	877.0	1051.8	318.1	220.1	477.7	133296.7	98394.3	167392.1	333.2	246.0	418.5	37222.5	70682.9	52300.9	56347.2	99734.2	80771.8
0.8	1110	222	888	71.0	623.0	0	660.5	528.5	764.8	3802.9	3353.4	4334.6	258051.9	205983.5	297007.8	645.1	515.6	743.3	9276.0	35318.7	27587.1	190461.1	264489.8	238728.4
0.8	1110	222	888	41.0	447.0	50	498.5	405.8	595.8	2698.2	2300.7	3200.1	223649.4	164624.9	279929.0	559.4	411.7	700.4	9214.8	43395.8	26344.5	147858.3	240598.0	196932.8
0.8	1110	222	888	38.5	417.5	100	454.5	377.5	556.5	1604.2	1228.6	2064.6	148067.0	109955.3	200660.8	370.9	275.4	502.3	5486.8	29332.6	13983.3	95671.7	178357.8	137107.5
0.8	1110	222	888	50.5	437.0	150	489.0	409.2	571.5	1084.8	795.1	1404.9	119134.0	88663.4	159025.2	298.4	221.8	398.1	5956.2	26033.7	14331.0	75385.5	131214.4	102298.1
0.8	1110	222	888	56.0	479.5	200	532.5	455.0	612.0	918.9	683.2	1203.2	106648.0	80228.5	143620.0	267.5	200.9	359.7	6972.0	23427.7	13309.1	65237.3	126576.9	91093.3
0.8	1110	222	888	70.5	502.0	250	564.0	493.2	654.5	774.8	544.3	1095.8	111372.0	78102.8	138680.8	279.1	195.3	347.0	7308.9	24222.5	13831.9	64225.6	116136.0	93122.1
0.8	1110	222	888	73.5	537.0	300	615.5	540.2	700.0	642.4	454.7	921.0	100351.7	76241.0	136570.8	251.7	191.0	342.5	8804.8	24087.0	15297.0	61613.2	110759.1	83580.1
0.8	1110	222	888	79.0	578.0	350	649.0	569.2	733.5	686.9	433.9	879.8	106850.2	83123.2	138080.8	267.6	208.7	345.5	9007.2	25128.0	15330.1	69598.0	115125.2	90511.6
0.8	1110	222	888	90.0	642.0	400	718.0	631.0	783.8	579.7	396.2	825.8	116214.2	89883.2	143859.6	291.0	224.9	359.9	9244.5	28927.4	17004.2	74563.3	122533.0	96734.3
0.8	1110	222	888	95.5	648.5	450	718.5	632.5	809.8	501.6	348.2	723.6	114159.2	90458.8	140237.0	286.0	226.8	351.9	11401.5	27274.1	17670.0	74975.2	116374.1	93719.8
0.8	1110	222	888	105.0	647.0	500	745.0	652.0	841.2	525.5	348.9	709.5	117116.0	86197.3	146455.9	293.3	215.8	366.1	10824.2	28765.3	18595.2	70027.0	122892.5	94784.9
0.8	1110	222	888	112.0	699.5	550	777.0	684.8	869.0	501.7	309.4	676.9	116028.0	92225.7	153703.4	290.2	230.8	384.3	11998.0	28719.2	19331.0	71363.8	125432.4	93205.0
0.8	1110	222	888	124.0	685.0	600	791.5	718.0	880.2	501.8	340.0	740.9	125256.8	95250.2	154509.4	313.1	238.1	386.8	13056.5	32587.9	21845.6	73768.8	127630.3	101085.5
0.8	1110	222	888	123.0	707.5	650	809.0	725.0	901.2	436.3	264.7	648.9	119721.5	88745.8	154006.3	300.2	222.6	385.0	12585.9	31539.8	19507.8	69134.3	124892.8	97127.6
0.8	1110	222	888	129.5	731.0	700	832.5	747.2	919.0	428.9	261.0	624.4	120164.2	91967.4	153171.0	300.4	231.0	382.9	13332.1	31640.2	19389.3	73805.1	128130.5	94698.7
0.8	1110	222	888	141.0	747.5	750	882.0	775.2	940.0	404.3	242.4	654.9	126252.9	94470.5	156547.9	315.6	236.3	391.4	13424.8	30664.5	21400.7	75951.2	128419.4	99276.0
0.8	1110	222	888	147.0	769.5	800	906.5	801.8	958.8	392.3	245.1	589.7	124553.1	96159.0	154632.2	311.9	240.6	387.0	13723.2	31319.2	21728.3	76979.3	129214.2	100182.2
0.8	1110	222	888	154.0	791.0	850	929.5	814.0	980.0	374.0	230.1	588.7	123448.0	93827.8	154442.3	309.5	235.7	387.2	13383.3	29998.6	21603.1	75284.5	129297.9	98472.6
0.8	1110	222	888	157.0	790.5	900	932.0	814.8	988.2	331.2	206.2	537.5	121384.8	92742.2	152014.9	303.5	231.9	381.1	14198.2	30600.0	20539.3	72619.5	124382.0	95654.5
0.8	1110	222	888	161.0	808.5	950	955.5	846.2	992.8	389.1	237.5	625.2	121965.0	90986.8	156180.9	305.6	228.3	390.5	15379.5	31125.0	22060.7	74995.2	128394.0	99941.6
0.8	1110	222	888	165.0	819.5	1000	975.0	870.2	1008.5	319.2	208.1	532.6	115526.5	90212.3	156028.5	288.8	225.5	390.1	13965.6	29971.0	20287.8	74450.4	120609.6	95684.7
0.8	1110	222	888	168.5	817.0	1050	968.5	862.5	1015.0	301.3	191.0	510.2	118347.8	90935.3	152031.8	295.9	227.3	380.1	14594.6	29901.3	20311.5	74230.5	122609.0	96112.7
0.8	1110	222	888	170.0	823.5	1100	985.5	869.0	1024.0	303.7	200.8	494.9	117015.8	84500.8	150039.1	292.5	211.3	376.0	13284.0	30939.6	20262.0	67923.3	121543.6	94406.8
0.8	1110	222	888	179.0	833.0	1150	1008.5	895.0	1036.0	278.1	180.7	495.2	119784.5	91370.9	150612.3	300.8	228.4	376.6	14906.4	32033.2	22841.0	70737.4	118312.3	97507.6
0.8	1110	222	888	183.0	839.0	1200	1018.5	926.2	1041.0	278.0	184.4	459.8	118196.5	86070.0	152390.4	296.2	215.2	381.3	15105.9	30620.2	21983.9	67730.2	122747.0	94111.8
1.0	1110	0	1110	0.0	857.5	0	857.5	711.2	908.0	3419.2	3052.5	3823.2	331623.4	276984.8	352177.4	829.2	692.5	881.3	0.0	0.0	0.0	276984.8	352177.4	331623.4
1.0	1110	0	1110	0.0	681.0	50	681.0	581.2	777.2	2631.3	2197.8	3078.2	249544.5	206941.0	293327.8	624.5	518.0	733.4	0.0	0.0	0.0	206941.0	293327.8	249544.5
1.0	1110	0	1110	0.0	632.0	100	632.0	556.0	710.0	1626.5	1259.0	2011.1	180145.2	145663.3	219220.7	450.6	364.3	548.1	0.0	0.0	0.0	145663.3	219220.7	180145.2
1.0	1110	0	1110	0.0	635.0	150	635.0	553.5	732.8	1125.2	832.7	1442.2	135638.0	101105.5	171447.8	339.6	253.3	429.3	0.0	0.0	0.0	101105.5	171447.8	135638.0
1.0	1110	0	1110	0.0	678.0	200	678.0	595.5	764.0	825.7	572.5	1139.2	118897.3	92111.0	153137.6	297.6	230.5	383.0	0.0	0.0	0.0	92111.0	153137.6	118897.3
1.0	1110	0	1110	0.0	729.5	250	729.5	625.2	802.0	707.7	489.1	1006.9	111638.8	87395.6	134125.0	279.1	218.6	336.3	0.0	0.0	0.0	87395.6	134125.0	111638.8
1.0	1110	0	1110	0.0	761.0	300	761.0	671.0	830.8	550.9	397.2	806.4	110817.6	83600.0	136530.3	277.3	209.0	341.6	0.0	0.0	0.0	83600.0	136530.3	110817.6
1.0	1110	0	1110	0.0	790.0	350	790.0	676.5	878.0	552.4	371.3	792.8	110800.3	86694.0	135375.4	277.0	217.2	339.3	0.0	0.0	0.0	86694.0	135375.4	110800.3
1.0	1110	0	1110	0.0	867.5	400	867.5	740.0	911.8	485.8	294.4	705.3	115468.2	86872.4	145389.6	288.9	217.2	363.5	0.0	0.0	0.0	86872.4	145389.6	115468.2
1.0	1110	0	1110	0.0	876.0	450	876.0	751.0	921.0	436.0	268.8	695.7	113729.1	88649.0	140372.2	285.1	221.8	351.6	0.0	0.0	0.0	88649.0	140372.2	113729.1
1.0	1110	0	1110	0.0	903.5	500	903.5	774.0	942.0	380.7	237.8	629.5	107601.2	82352.1	131985.6	269.3	207.4	330.1	0.0	0.0	0.0	82352.1	131985.6	107601.2
1.0	1110	0	1110	0.0	922.0	550	922.0	789.8	957.0	375.9	228.1	613.6	110217.9	92535.1	137170.6	276.0	231.3	343.7	0.0	0.0	0.0	92535.1	137170.6	110217.9
1.0	1110	0	1110	0.0	934.5	600	934.5	812.2	970.0	309.7	213.3	575.3	107961.5	85165.7	138122.9	269.9	212.9	345.9	0.0	0.0	0.0	85165.7	138122.9	107961.5
1.0	1110	0	1110	0.0	936.0	650	936.0	796.2	979.0	321.8	194.6	591.0	103934.6	80483.5	135208.6	259.8	201.3	339.6	0.0	0.0	0.0	80483.5	135208.6	103934.6
1.0	1110	0	1110	0.0	960.5	700	960.5	831.5	995.8	313.5	211.7	527.6	108096.4	87169.0	138034.8	270.5	217.9	345.1	0.0	0.0	0.0	87169.0	138034.8	108096.4
1.0	1110	0	1110	0.0	984.0	750	984.0	871.2	1004.0	325.2	186.8	519.4	108285.4	84937.8	134931.1	271.2	212.3	337.3	0.0	0.0	0.0	84937.8	134931.1	108285.4
1.0	1110	0	1110	0.0	984.0	800	984.0	880.5	1018.0	308.6	180.8	554.0	112644.9	84973.0	134737.4	281.6	212.4	336.8	0.0	0.0	0.0	84973.0	134737.4	112644.9
1.0	1110	0	1110	0.0	997.0	850	997.0	896.0	1023.8	274.4	174.5	470.3	105860.4	86011.0	138172.9	264.7	215.5	345.4	0.0	0.0	0.0	86011.0	138172.9	105860.4
1.0	1110	0	1110	0.0	1004.0	900	1004.0	922.2	1028.8	265.4	165.5	464.2	108635.4	84965.4	139956.2	271.6	212.4	349.9	0.0	0.0	0.0	84965.4	139956.2	108635.4
1.0	1110	0	1110	0.0	1014.0	950	1014.0	916.5	1036.0	272.2	184.0	486.7	117423.5	87718.8	148437.6	293.6	220.0	371.1	0.0	0.0	0.0	87718.8	148437.6	117423.5
1.0	1110	0	1110	0.0	1022.5	1000	1022.5	951.5	1042.8	249.0	162.8	428.3	105680.8	83307.7	136324.9	264.2	208.4	341.3	0.0	0.0	0.0	83307.7	136324.9	105680.8
1.0	1110	0	1110	0.0	1034.0	1050	1034.0	958.2	1053.0	240.4	150.1	424.7	108318.9	82225.1	140952.8	270.8	205.6	352.4	0.0	0.0	0.0	82225.1	140952.8	108318.9
1.0	1110	0	1110	0.0	1036.5	1100	1036.5	985.0	1056.0	218.5	133.9	392.0	108229.3	82476.3	134465.1	270.6	206.2	336.9	0.0	0.0	0.0	82476.3	134465.1	108229.3
1.0	1110	0	1110	0.0	1042.0	1150	1042.0	987.2	1060.8	225.2	156.9	423.9	105286.7	84658.0	130458.9	263.2	211.6	326.3	0.0	0.0	0.0	84658.0	130458.9	105286.7
1.0	1110	0	1110	0.0	1047.0	1200	1047.0	1004.0	1067.0	228.5	142.4	372.3	109077.9	78872.9	140860.3	272.7	197.2	352.2	0.0	0.0	0.0	78872.9	140860.3	109077.9
