# 2D Parameter Scan for FracB and Single Radius Control: Landscape Size 4000
# Kernel = <function cauchy_thick at 0x7f8e8ad06b60>; Scale Parameter = 84.5m ; Sps Parameters = [[0.00785    0.14       0.00333333 0.00053   ]
 [0.00785    0.14       0.00333333 0.00053   ]]
# control_start = random
Frac_B	Radius	Med_KE	Q1_KE	Q3_KE	Med_time	Q1_endtime	Q3_endtime	Med_AUDPC	Q1_AUDPC	Q3_AUDPC	Med_AUDP_SPS	Q1_AUDPC_SPS	Q3_AUDPC_SPS
0.0	0	1042.0		1035.0	1050.0	3292.3	3054.8	3647.9	357054.5	348212.9	364832.1	2802.9	2733.5	2863.9
0.0	50	1020.0		1011.0	1030.0	3227.8	2958.9	3611.7	360155.1	351476.1	369061.9	2827.2	2759.8	2897.4
0.0	100	984.0		971.0	999.0	2897.0	2676.7	3292.2	411846.8	393780.4	432838.8	3233.0	3091.2	3397.8
0.0	150	953.5		929.2	973.8	2511.2	2193.5	2915.4	446759.1	414737.2	486138.5	3507.1	3255.7	3816.2
0.0	200	936.0		901.0	966.8	2150.6	1881.7	2511.8	443889.6	409342.5	486012.2	3485.4	3213.3	3815.2
0.0	250	915.0		867.2	951.0	1857.7	1619.2	2129.8	412328.5	371055.5	467495.1	3236.8	2914.7	3669.8
0.0	300	896.5		830.5	941.8	1551.1	1297.2	1883.5	373803.5	326041.7	425282.9	2937.5	2560.1	3339.4
0.0	350	883.5		801.2	933.5	1368.8	1120.9	1614.4	329427.2	276958.2	380161.8	2587.4	2174.1	2984.3
0.0	400	858.5		752.8	920.0	1084.4	875.5	1397.9	289091.6	230026.9	342013.1	2269.4	1808.5	2684.8
0.0	450	856.0		773.2	926.0	1012.3	797.3	1300.6	265369.8	216689.0	316275.5	2083.2	1701.0	2482.8
0.0	500	870.0		772.2	934.2	906.1	709.0	1122.5	246027.2	196990.9	293542.5	1931.3	1547.5	2305.0
0.0	550	869.5		770.5	928.0	798.8	629.8	1045.8	224948.2	175157.8	271147.2	1768.2	1377.3	2128.5
0.0	600	882.5		790.2	959.8	719.7	563.6	920.1	209969.0	166994.2	262677.2	1648.3	1310.9	2062.0
0.0	650	870.5		789.5	946.0	617.1	470.8	825.6	194592.3	148577.3	225386.1	1527.5	1169.2	1769.3
0.0	700	913.5		819.0	966.8	616.7	449.1	808.6	188914.4	153007.4	227745.8	1483.0	1201.1	1787.8
0.0	750	912.0		837.2	979.0	575.6	420.7	748.2	174600.6	141880.3	219854.6	1370.6	1113.8	1725.9
0.0	800	911.5		834.2	996.2	520.9	392.7	729.1	171001.4	135323.1	217963.7	1343.2	1062.3	1712.1
0.0	850	929.0		840.5	997.0	454.1	333.7	650.1	157512.9	126323.6	197906.4	1236.5	993.0	1553.6
0.0	900	944.5		880.2	1002.8	450.2	339.8	598.9	157252.9	126881.2	191005.4	1234.4	996.0	1499.4
0.0	950	964.0		873.2	1017.5	428.8	286.2	570.5	148608.4	119618.0	181669.9	1166.6	939.0	1426.1
0.0	1000	968.0		893.0	1028.8	389.7	287.2	572.1	142270.9	120869.9	181049.5	1116.8	948.8	1421.2
0.0	1050	976.5		899.2	1035.8	403.8	289.6	541.8	143768.0	115048.4	172836.1	1130.8	903.1	1356.8
0.0	1100	978.5		897.5	1041.8	349.8	241.7	499.8	132440.5	106250.5	170827.9	1039.7	834.1	1341.0
0.0	1150	1003.0		929.8	1057.0	337.0	235.1	464.4	132519.2	103015.0	167279.8	1040.3	808.7	1313.1
0.0	1200	1004.5		944.8	1056.0	296.4	229.3	438.0	124618.5	100272.6	158032.6	978.3	788.5	1240.6
0.2	0	1069.0		1064.0	1074.0	3569.8	3269.5	3935.8	427814.3	418667.5	435561.4	3358.3	3286.5	3419.8
0.2	50	1051.0		1043.0	1057.0	3541.7	3165.6	3831.6	400646.4	390631.2	410948.5	3145.1	3066.5	3225.9
0.2	100	1021.0		1008.0	1033.0	3158.7	2841.0	3678.2	422947.1	406091.9	438581.7	3321.3	3188.8	3442.9
0.2	150	1002.0		988.0	1015.0	2827.8	2502.8	3195.6	455366.5	425708.7	481960.4	3574.6	3341.8	3786.4
0.2	200	979.0		955.0	998.0	2370.4	2077.3	2752.4	464478.5	427130.4	500663.1	3646.2	3353.0	3930.2
0.2	250	960.5		926.0	992.8	1993.0	1774.7	2436.1	441710.0	396378.0	475681.1	3469.1	3111.6	3734.1
0.2	300	948.0		902.5	983.0	1842.6	1539.8	2158.2	408793.9	364632.8	453857.3	3209.0	2862.4	3562.8
0.2	350	944.5		901.5	983.0	1527.2	1287.4	1863.2	384242.5	336685.5	417842.0	3016.3	2644.1	3280.1
0.2	400	940.0		864.2	979.0	1383.4	1143.7	1658.6	346360.5	299030.7	395886.5	2720.3	2347.4	3107.7
0.2	450	917.5		855.8	972.0	1187.0	945.6	1553.3	313806.0	263416.2	364500.1	2464.3	2070.3	2864.1
0.2	500	928.5		840.0	976.8	1069.5	852.0	1372.8	289922.3	248772.4	348353.6	2275.9	1953.6	2734.6
0.2	550	909.0		826.0	984.8	897.9	725.9	1180.2	254997.5	209137.2	304210.3	2001.7	1646.0	2388.1
0.2	600	932.5		850.0	989.8	875.1	664.7	1066.9	240248.4	198684.7	295031.9	1888.5	1560.6	2316.0
0.2	650	923.5		813.8	986.8	765.2	593.3	989.5	223800.6	171767.5	272129.8	1756.8	1348.4	2136.2
0.2	700	917.5		842.2	983.0	670.6	511.1	884.5	209692.2	170989.5	246552.3	1646.1	1342.3	1935.4
0.2	750	949.0		863.2	1000.0	637.9	469.4	855.7	197154.8	160388.8	237025.8	1549.3	1260.7	1860.7
0.2	800	953.5		873.0	1001.8	589.9	450.6	783.9	189936.9	156315.7	231123.2	1492.4	1227.1	1814.3
0.2	850	962.0		887.0	1034.0	578.4	428.2	764.1	194568.6	157672.5	228253.0	1527.4	1237.7	1791.8
0.2	900	961.5		899.2	1030.0	517.1	374.7	681.7	181009.1	139289.2	224085.2	1420.9	1095.0	1759.3
0.2	950	982.0		912.5	1025.8	464.7	344.6	683.3	167551.3	135698.8	219824.5	1315.3	1066.3	1725.6
0.2	1000	980.5		891.5	1044.0	427.6	304.5	611.8	155569.1	121310.4	197472.0	1221.8	953.2	1552.8
0.2	1050	994.5		931.5	1045.8	441.0	321.1	588.4	161408.7	123822.0	195191.2	1267.8	972.0	1532.3
0.2	1100	998.0		936.0	1042.0	422.4	314.8	554.5	153734.2	122096.6	184556.1	1206.8	958.9	1448.8
0.2	1150	1001.5		932.0	1053.0	375.3	253.5	525.6	144761.9	113007.5	180819.6	1137.1	887.8	1419.4
0.2	1200	1031.5		973.0	1072.8	396.8	292.1	565.7	151869.4	115948.7	183917.1	1192.2	913.7	1443.7
0.4	0	1085.0		1080.0	1089.0	3651.5	3414.0	4033.9	496006.3	486634.0	505237.9	3893.6	3820.1	3966.8
0.4	50	1073.0		1067.0	1078.0	3705.8	3408.0	4152.1	452580.8	442286.6	460949.9	3552.8	3471.9	3618.5
0.4	100	1048.0		1039.0	1057.0	3378.2	3028.9	3705.0	432938.2	419409.9	449521.7	3398.6	3292.4	3528.7
0.4	150	1031.0		1018.0	1044.0	2965.6	2617.5	3358.2	458185.8	432435.5	480141.7	3596.8	3394.6	3771.7
0.4	200	1019.0		1000.2	1035.8	2545.4	2255.9	2884.0	463873.4	427401.2	497358.5	3641.4	3355.1	3904.3
0.4	250	1011.5		987.2	1028.0	2213.6	1924.4	2543.5	456145.9	417377.2	487943.6	3580.7	3276.4	3830.4
0.4	300	997.0		959.8	1020.8	1940.2	1651.9	2285.9	425546.4	390288.6	469096.1	3340.5	3066.7	3682.4
0.4	350	986.5		948.0	1020.0	1726.4	1433.7	2015.4	395623.5	362431.0	463683.4	3105.6	2845.6	3640.9
0.4	400	975.0		916.5	1010.0	1490.6	1251.7	1805.8	375732.8	338475.9	422162.9	2949.5	2657.0	3314.0
0.4	450	978.0		925.0	1019.0	1395.5	1125.9	1645.7	349976.9	312634.6	403486.8	2747.3	2454.2	3168.6
0.4	500	962.0		899.2	1008.0	1193.0	970.6	1530.9	316903.4	276568.2	372006.0	2487.7	2173.2	2920.2
0.4	550	958.0		901.5	1006.0	1082.0	886.2	1351.3	291994.2	252908.7	344736.1	2292.2	1986.6	2706.2
0.4	600	958.0		879.5	1006.0	955.6	757.5	1211.3	272283.5	226399.9	322989.2	2137.4	1778.0	2535.5
0.4	650	968.0		895.5	1014.8	899.4	687.8	1160.9	267118.3	218816.8	309242.1	2096.9	1719.0	2431.8
0.4	700	980.5		904.0	1028.8	826.4	634.0	1081.4	248278.3	212385.8	301445.4	1949.0	1669.6	2367.1
0.4	750	970.0		915.5	1026.0	761.2	579.8	963.8	232256.3	199508.7	267244.1	1823.2	1566.6	2097.9
0.4	800	983.5		928.2	1036.0	687.2	549.9	890.0	222231.5	187789.5	262280.5	1746.5	1474.1	2059.5
0.4	850	988.5		921.2	1044.2	661.0	485.9	883.4	220641.1	177282.4	255843.6	1732.0	1394.8	2008.4
0.4	900	994.5		936.5	1044.0	586.1	429.6	805.7	202180.5	166677.7	237658.1	1587.1	1308.9	1865.6
0.4	950	991.5		921.0	1040.0	568.8	389.1	747.9	191795.5	154862.9	229219.3	1505.6	1215.7	1799.4
0.4	1000	995.0		928.0	1047.8	501.4	359.3	662.8	176828.6	139742.7	221294.0	1390.5	1097.0	1737.2
0.4	1050	1010.0		935.0	1054.0	507.3	363.9	680.6	181505.2	143523.8	215564.8	1424.8	1126.7	1693.1
0.4	1100	1006.5		935.5	1057.8	425.0	314.6	584.1	162938.7	134440.0	209704.6	1279.1	1055.4	1646.2
0.4	1150	1031.5		959.0	1071.8	453.6	307.0	620.1	169546.4	130137.7	201522.1	1330.9	1021.6	1581.9
0.4	1200	1025.0		968.5	1074.8	437.0	315.5	585.0	165514.1	134878.1	201090.2	1299.6	1058.8	1578.6
0.6000000000000001	0	1094.0		1091.0	1098.0	3735.8	3517.4	4026.5	562892.9	552729.3	573182.2	4418.7	4339.3	4499.5
0.6000000000000001	50	1087.0		1082.0	1090.0	3748.3	3446.0	4067.4	505457.0	494031.2	514822.9	3967.8	3878.1	4041.4
0.6000000000000001	100	1068.0		1063.0	1073.0	3455.3	3140.4	3894.2	453188.4	440800.4	465214.5	3557.8	3460.3	3651.9
0.6000000000000001	150	1058.0		1050.0	1064.0	3118.5	2783.1	3568.6	458818.6	440435.6	478138.6	3601.7	3457.4	3753.4
0.6000000000000001	200	1048.0		1034.2	1057.0	2711.5	2416.0	3163.9	468441.6	441967.0	499567.4	3677.3	3470.5	3921.6
0.6000000000000001	250	1041.0		1023.0	1056.0	2368.6	2074.3	2768.1	467286.1	435989.3	495768.0	3668.2	3422.5	3891.8
0.6000000000000001	300	1033.5		1014.0	1049.0	2148.8	1774.7	2505.3	459845.5	421258.6	492078.3	3609.8	3306.9	3862.8
0.6000000000000001	350	1025.5		1006.0	1049.0	1896.9	1625.7	2259.8	435964.7	405097.3	473189.4	3422.3	3180.0	3714.5
0.6000000000000001	400	1026.0		994.0	1044.8	1632.5	1400.5	2066.9	408416.6	368566.8	449702.0	3206.1	2893.2	3531.1
0.6000000000000001	450	1015.5		981.0	1046.0	1568.3	1281.1	1827.3	389422.3	351645.3	428488.3	3057.0	2760.8	3363.9
0.6000000000000001	500	1007.0		959.0	1044.0	1393.9	1162.8	1647.7	359406.4	318198.4	411048.4	2822.9	2500.8	3227.2
0.6000000000000001	550	1008.5		959.0	1039.8	1234.0	1009.4	1536.9	336713.5	303765.3	375163.8	2643.2	2384.6	2945.0
0.6000000000000001	600	1008.0		949.2	1039.5	1112.0	873.6	1447.6	312339.3	280137.8	356085.1	2451.9	2199.1	2798.5
0.6000000000000001	650	1004.5		941.2	1054.0	1120.4	818.5	1490.5	307012.3	263289.5	354341.1	2410.0	2066.8	2782.3
0.6000000000000001	700	998.5		929.2	1044.0	891.5	711.3	1137.5	275154.9	234999.7	317069.9	2160.0	1844.7	2489.0
0.6000000000000001	750	996.5		940.2	1047.8	858.6	689.8	1108.9	271206.8	223645.2	313881.4	2130.8	1757.7	2464.0
0.6000000000000001	800	1015.0		933.5	1056.8	833.9	621.8	1042.2	262897.2	212615.9	300597.3	2063.7	1669.0	2359.7
0.6000000000000001	850	998.5		939.5	1046.0	747.6	554.4	984.5	239250.3	202028.4	281359.4	1878.1	1585.9	2208.7
0.6000000000000001	900	1010.0		960.5	1049.8	694.4	506.8	952.1	235526.9	193287.5	276019.8	1848.9	1519.7	2166.8
0.6000000000000001	950	1017.5		942.0	1065.0	654.9	506.6	881.3	223586.3	182709.2	262788.1	1755.2	1434.3	2064.1
0.6000000000000001	1000	1020.5		961.0	1063.5	596.2	438.2	840.7	220232.7	178104.9	255647.3	1728.8	1398.1	2006.8
0.6000000000000001	1050	1026.0		973.2	1064.0	533.5	405.3	740.7	202617.5	165151.5	237975.5	1593.7	1296.4	1868.1
0.6000000000000001	1100	1042.0		990.2	1078.0	542.2	410.6	755.8	206763.8	166755.8	246100.4	1623.1	1309.0	1931.9
0.6000000000000001	1150	1036.5		971.0	1070.8	527.3	390.5	721.3	200179.7	161332.0	233428.4	1571.4	1270.7	1832.4
0.6000000000000001	1200	1035.5		977.0	1079.8	471.1	333.7	662.5	186693.6	149316.4	227178.2	1465.5	1173.3	1783.3
0.8	0	1100.0		1097.0	1103.0	3780.6	3549.4	4108.6	630854.8	619997.0	642813.1	4952.2	4868.2	5046.1
0.8	50	1094.5		1092.0	1097.0	3738.0	3446.3	4018.7	557618.2	547684.9	567040.0	4377.3	4299.3	4452.8
0.8	100	1083.0		1078.0	1087.0	3471.8	3205.2	3838.8	473740.2	464946.7	486019.1	3718.9	3649.8	3815.2
0.8	150	1074.0		1068.0	1081.0	3098.5	2802.4	3484.4	460253.7	446116.2	477555.1	3613.0	3502.0	3748.8
0.8	200	1070.0		1060.0	1076.0	2799.6	2486.2	3147.8	462786.6	442721.6	484661.4	3632.9	3475.4	3804.6
0.8	250	1064.0		1053.2	1074.0	2455.2	2178.7	2794.6	465893.6	433443.7	495029.5	3657.3	3402.5	3886.0
0.8	300	1062.0		1046.2	1073.0	2210.2	1932.9	2564.2	462504.0	432212.1	489368.9	3630.7	3392.9	3841.5
0.8	350	1053.0		1035.2	1066.8	1997.9	1711.7	2388.6	446607.5	414041.4	477220.1	3505.9	3250.2	3746.2
0.8	400	1055.5		1035.0	1070.0	1792.7	1491.2	2088.7	428337.1	396878.1	464917.5	3362.4	3115.5	3649.6
0.8	450	1052.0		1023.2	1070.8	1668.8	1393.7	2124.2	418523.9	387554.7	456315.5	3285.4	3042.3	3582.1
0.8	500	1048.0		1017.0	1069.5	1469.6	1215.1	1872.1	390932.2	363239.8	433125.4	3071.2	2851.4	3400.0
0.8	550	1043.0		1003.8	1069.0	1377.3	1140.4	1715.3	374400.6	337886.5	409580.0	2939.0	2652.4	3215.2
0.8	600	1047.0		1007.5	1076.8	1311.3	1059.2	1647.5	360539.4	325356.8	403022.6	2830.2	2554.1	3163.7
0.8	650	1035.5		991.0	1063.0	1211.5	951.1	1483.0	333115.2	302124.7	382621.4	2615.0	2371.7	3003.6
0.8	700	1039.0		992.2	1068.8	1059.3	910.2	1296.4	319922.8	282534.8	361946.9	2511.4	2217.9	2841.3
0.8	750	1042.0		992.0	1074.0	1053.3	843.3	1341.4	312649.8	278128.4	359229.6	2454.3	2183.3	2820.0
0.8	800	1042.0		1009.0	1074.0	959.0	749.7	1232.7	310050.3	267436.6	341773.3	2433.9	2099.4	2682.9
0.8	850	1040.0		993.2	1072.0	856.8	641.0	1106.6	284984.7	246581.0	324528.4	2237.1	1935.7	2549.6
0.8	900	1044.5		995.2	1077.0	819.8	609.5	1038.5	266882.9	228113.0	308182.7	2095.0	1790.7	2422.6
0.8	950	1044.0		991.5	1075.0	758.3	591.1	996.5	269192.3	226496.7	304010.1	2113.2	1778.0	2386.5
0.8	1000	1043.5		989.0	1077.5	674.0	515.5	917.2	253908.8	208385.0	292192.6	1993.2	1640.0	2293.7
0.8	1050	1046.0		998.2	1078.0	685.7	530.8	911.6	242235.1	204180.3	282822.1	1901.5	1604.3	2220.2
0.8	1100	1048.5		991.2	1083.0	655.5	509.1	912.1	234539.3	194639.7	277544.2	1841.1	1527.9	2178.7
0.8	1150	1057.5		1007.2	1089.0	632.4	491.2	828.4	235969.4	185571.8	269807.1	1852.4	1457.2	2118.0
0.8	1200	1054.5		1002.2	1084.0	549.3	402.7	737.1	218351.4	183376.9	263221.1	1714.1	1439.5	2066.3
1.0	0	1103.0		1101.0	1105.0	3841.2	3585.0	4111.6	696982.3	685945.4	705841.7	5471.3	5384.7	5540.9
1.0	50	1099.0		1097.0	1102.0	3711.8	3457.6	4100.7	614647.9	604122.9	625127.5	4825.0	4742.4	4907.3
1.0	100	1092.0		1088.0	1095.0	3574.9	3252.2	3969.3	505088.7	494757.3	514658.3	3964.9	3883.8	4040.1
1.0	150	1084.0		1080.0	1089.0	3139.9	2869.2	3505.5	461589.5	448909.0	475624.3	3623.5	3523.9	3733.7
1.0	200	1082.0		1076.0	1088.0	2795.8	2472.1	3174.4	451644.6	435772.4	469860.8	3545.4	3420.8	3688.4
1.0	250	1080.0		1073.0	1087.0	2548.1	2271.1	2833.4	452431.2	430983.9	473416.2	3551.6	3383.2	3716.3
1.0	300	1079.0		1071.0	1086.0	2308.6	2013.0	2673.1	450443.9	427539.1	475175.6	3536.0	3356.2	3730.1
1.0	350	1079.0		1069.0	1087.0	2097.5	1811.8	2439.1	450099.6	427083.6	467626.8	3533.3	3352.6	3670.9
1.0	400	1077.5		1063.2	1087.0	1904.3	1641.0	2254.5	439888.3	412806.4	466904.3	3453.1	3240.5	3666.1
1.0	450	1076.0		1060.2	1088.0	1818.2	1503.9	2148.2	420860.6	397535.8	457903.3	3303.8	3120.7	3594.5
1.0	500	1074.0		1059.2	1084.8	1687.9	1399.2	2035.6	416675.5	386986.6	447091.8	3270.9	3037.8	3509.7
1.0	550	1073.0		1054.0	1088.0	1514.2	1221.4	1803.2	404465.8	371633.4	434788.8	3175.1	2917.3	3413.1
1.0	600	1071.0		1049.0	1086.8	1453.1	1218.3	1761.3	387890.4	359931.0	419597.8	3046.4	2825.5	3295.0
1.0	650	1069.0		1046.0	1087.0	1389.4	1097.7	1697.0	374044.4	343062.5	410953.9	2936.2	2693.0	3226.0
1.0	700	1070.0		1043.0	1088.8	1243.0	1017.8	1543.7	363746.8	332164.2	392804.0	2857.6	2607.5	3083.5
1.0	750	1067.0		1043.5	1089.0	1135.6	930.1	1460.1	348174.6	316051.6	377566.4	2733.2	2481.0	2963.9
1.0	800	1067.0		1038.2	1088.8	1123.1	881.4	1385.9	336553.8	306780.2	370360.9	2641.9	2410.8	2907.3
1.0	850	1069.0		1037.2	1088.8	1050.7	828.5	1384.3	329292.5	294125.3	358555.1	2584.9	2308.9	2814.7
1.0	900	1067.0		1035.0	1088.0	911.1	739.8	1169.0	313487.6	281768.5	352030.9	2460.9	2211.9	2765.1
1.0	950	1075.0		1043.0	1095.8	897.8	716.6	1187.2	309582.2	274335.7	342245.9	2430.2	2153.5	2686.6
1.0	1000	1073.0		1031.5	1093.0	845.8	638.4	1117.6	289512.7	259287.7	326002.0	2273.2	2035.4	2559.1
1.0	1050	1074.0		1040.0	1095.0	819.1	600.1	1077.7	294617.4	246950.9	330416.9	2312.7	1938.6	2593.8
1.0	1100	1078.0		1043.2	1097.0	757.6	583.1	1009.3	290911.1	248867.9	319506.1	2283.7	1953.6	2508.1
1.0	1150	1076.0		1036.2	1093.0	760.3	556.4	964.9	272027.5	236928.9	309032.5	2135.4	1859.9	2425.9
1.0	1200	1074.0		1037.2	1098.8	666.7	478.0	925.5	260743.0	225540.2	299220.3	2046.8	1770.5	2348.9
