# 2D Parameter Scan for FracB and Single Radius Control: Landscape Size 4000
# Kernel = <function exponential_kernel at 0x7f8efa4be840>; Scale Parameter = 119m ; Sps Parameters = [[0.02       0.09       0.00285714 0.00053   ]
 [0.02       0.14       0.002      0.00053   ]]
# control_start = random
Frac_B	N	N_a	N_b	Med_KE_A	Med_KE_B	Radius	Med_KE	Q1_KE	Q3_KE	Med_time	Q1_endtime	Q3_endtime	Med_AUDPC	Q1_AUDPC	Q3_AUDPC	Med_AUDP_SPS	Q1_AUDPC_SPS	Q3_AUDPC_SPS	Q1_AUDPC_A	Q3_AUDPC_A	Med_AUDPC_A	Q1_AUDPC_B	Q3_AUDPC_B	Med_AUDPC_B
0.0	1110	1110	0	1061.0	0.0	0	1061.0	1054.0	1068.0	3934.2	3585.6	4335.6	415274.7	405860.0	424516.3	8305.5	8120.3	8490.3	405860.0	424516.3	415274.7	0.0	0.0	0.0
0.0	1110	1110	0	1037.0	0.0	50	1037.0	1028.0	1048.0	3802.5	3523.7	4110.8	396629.4	387062.5	408885.0	7932.6	7741.3	8177.7	387062.5	408885.0	396629.4	0.0	0.0	0.0
0.0	1110	1110	0	973.5	0.0	100	973.5	938.0	994.8	3577.9	3166.6	4001.1	429518.6	402983.3	459908.4	8590.4	8061.5	9198.2	402983.3	459908.4	429518.6	0.0	0.0	0.0
0.0	1110	1110	0	858.5	0.0	150	858.5	787.2	911.5	3131.9	2659.6	3633.3	428010.9	369539.0	502958.9	8560.5	7390.8	10059.2	369539.0	502958.9	428010.9	0.0	0.0	0.0
0.0	1110	1110	0	685.0	0.0	200	685.0	581.8	768.5	2247.5	1843.0	2670.4	326296.2	255109.7	395202.5	6525.9	5102.2	7905.8	255109.7	395202.5	326296.2	0.0	0.0	0.0
0.0	1110	1110	0	549.5	0.0	250	549.5	458.0	642.0	1615.3	1249.0	1923.2	213690.9	149559.5	289784.3	4273.8	2993.0	5795.7	149559.5	289784.3	213690.9	0.0	0.0	0.0
0.0	1110	1110	0	520.0	0.0	300	520.0	404.2	606.0	1215.9	1001.9	1571.3	172940.8	115478.8	230823.2	3458.8	2313.4	4616.5	115478.8	230823.2	172940.8	0.0	0.0	0.0
0.0	1110	1110	0	496.0	0.0	350	496.0	415.8	585.5	922.8	698.3	1239.7	134608.5	98649.1	188449.2	2697.5	1976.0	3775.4	98649.1	188449.2	134608.5	0.0	0.0	0.0
0.0	1110	1110	0	489.0	0.0	400	489.0	414.8	579.8	739.7	550.3	1014.2	117301.0	88324.6	160802.4	2351.3	1768.0	3216.9	88324.6	160802.4	117301.0	0.0	0.0	0.0
0.0	1110	1110	0	522.0	0.0	450	522.0	465.2	595.0	660.2	518.9	852.9	118783.4	86736.6	154190.6	2375.7	1734.7	3087.1	86736.6	154190.6	118783.4	0.0	0.0	0.0
0.0	1110	1110	0	537.5	0.0	500	537.5	481.0	607.8	589.7	454.9	761.1	112715.0	84537.4	143945.1	2257.8	1692.5	2884.0	84537.4	143945.1	112715.0	0.0	0.0	0.0
0.0	1110	1110	0	567.5	0.0	550	567.5	505.0	650.0	529.9	403.3	686.6	110598.3	84979.7	144073.5	2212.0	1700.3	2881.8	84979.7	144073.5	110598.3	0.0	0.0	0.0
0.0	1110	1110	0	612.5	0.0	600	612.5	548.2	679.8	477.4	362.5	623.1	114768.0	85345.8	139991.3	2303.6	1706.9	2802.0	85345.8	139991.3	114768.0	0.0	0.0	0.0
0.0	1110	1110	0	653.0	0.0	650	653.0	580.0	716.0	441.8	355.0	566.4	114918.5	90962.0	138882.8	2299.7	1824.3	2779.1	90962.0	138882.8	114918.5	0.0	0.0	0.0
0.0	1110	1110	0	662.0	0.0	700	662.0	599.0	730.0	388.2	290.6	524.7	111321.6	87488.0	141534.8	2227.9	1750.0	2830.7	87488.0	141534.8	111321.6	0.0	0.0	0.0
0.0	1110	1110	0	698.0	0.0	750	698.0	634.5	769.8	356.5	278.6	452.1	110696.6	88571.4	136292.4	2213.9	1777.7	2727.0	88571.4	136292.4	110696.6	0.0	0.0	0.0
0.0	1110	1110	0	755.0	0.0	800	755.0	678.2	809.0	363.8	285.2	489.4	118005.5	95947.8	143648.6	2363.9	1922.6	2877.1	95947.8	143648.6	118005.5	0.0	0.0	0.0
0.0	1110	1110	0	780.0	0.0	850	780.0	700.2	854.8	329.8	250.6	429.3	114020.5	94405.2	140820.0	2284.1	1892.3	2816.4	94405.2	140820.0	114020.5	0.0	0.0	0.0
0.0	1110	1110	0	814.0	0.0	900	814.0	745.0	873.8	315.1	249.1	443.4	121653.1	96413.6	149292.0	2433.1	1928.3	2985.8	96413.6	149292.0	121653.1	0.0	0.0	0.0
0.0	1110	1110	0	832.0	0.0	950	832.0	765.2	894.0	339.8	263.2	458.9	121279.4	95891.1	141556.0	2428.8	1917.8	2831.1	95891.1	141556.0	121279.4	0.0	0.0	0.0
0.0	1110	1110	0	847.0	0.0	1000	847.0	776.2	915.0	315.7	251.4	430.2	123239.3	102047.8	147153.1	2464.8	2044.4	2943.1	102047.8	147153.1	123239.3	0.0	0.0	0.0
0.0	1110	1110	0	877.5	0.0	1050	877.5	803.0	954.8	311.0	235.1	392.8	117279.7	93510.4	148246.3	2346.1	1878.0	2964.9	93510.4	148246.3	117279.7	0.0	0.0	0.0
0.0	1110	1110	0	902.5	0.0	1100	902.5	819.5	968.8	289.4	223.0	387.8	119262.5	93488.2	149953.0	2385.3	1872.2	3004.8	93488.2	149953.0	119262.5	0.0	0.0	0.0
0.0	1110	1110	0	935.5	0.0	1150	935.5	861.5	993.0	299.4	226.1	385.7	126760.5	100870.9	151783.7	2536.4	2022.6	3035.7	100870.9	151783.7	126760.5	0.0	0.0	0.0
0.0	1110	1110	0	945.0	0.0	1200	945.0	875.0	1009.8	280.5	200.9	386.3	120450.5	93782.8	150453.3	2409.4	1875.7	3009.1	93782.8	150453.3	120450.5	0.0	0.0	0.0
0.2	1110	888	222	858.0	220.0	0	1078.0	1072.0	1083.0	4008.4	3695.6	4480.5	455783.1	444342.5	465339.2	9115.7	8886.8	9306.8	327266.3	343383.3	335597.9	115184.2	124016.4	120411.0
0.2	1110	888	222	844.0	218.0	50	1062.5	1055.0	1069.0	3845.8	3534.2	4294.4	416259.3	406683.4	425112.1	8325.2	8133.7	8502.2	306696.2	322901.1	314703.5	96297.3	105577.6	100804.7
0.2	1110	888	222	809.0	210.0	100	1019.0	1006.0	1034.0	3599.1	3256.2	3924.3	410434.9	389909.8	434368.5	8211.1	7798.2	8687.4	308732.3	348727.8	327223.8	77812.7	87879.7	82641.4
0.2	1110	888	222	762.0	195.0	150	959.0	909.0	992.0	3144.1	2712.7	3665.8	424299.3	387968.2	464721.3	8486.4	7767.5	9294.4	315499.1	379273.9	344623.1	71426.5	85481.9	78008.6
0.2	1110	888	222	653.0	166.0	200	819.5	732.5	881.5	2480.1	2045.6	3037.4	371963.5	315856.7	441544.5	7439.3	6320.7	8830.9	257619.9	363057.5	302361.9	58115.5	79805.6	67919.3
0.2	1110	888	222	548.0	139.0	250	685.5	587.0	786.8	1769.1	1443.0	2207.3	265454.2	210509.5	329728.7	5309.1	4210.2	6594.6	170293.6	270197.8	216196.9	38104.2	62180.8	49549.3
0.2	1110	888	222	473.0	119.5	300	592.0	492.2	694.2	1357.0	1041.3	1758.4	203748.1	143605.3	274643.6	4075.0	2872.1	5492.9	116345.5	220557.8	167669.6	26408.4	49736.3	37731.2
0.2	1110	888	222	431.0	109.0	350	540.0	463.2	649.2	1079.0	790.3	1376.6	157800.6	118324.2	208138.6	3156.0	2369.9	4162.8	95421.1	169185.3	128493.9	21831.0	39574.2	30014.5
0.2	1110	888	222	448.0	112.5	400	558.5	485.0	656.8	891.0	663.8	1076.9	147759.9	108337.6	196714.8	2955.2	2166.8	3934.3	88874.2	158519.3	119209.0	20416.5	37264.5	28375.5
0.2	1110	888	222	458.0	116.0	450	573.5	501.8	654.0	757.6	551.9	1009.9	134048.0	100155.5	176144.0	2683.7	2006.8	3525.5	80339.1	143520.6	109674.2	18936.9	33350.3	25859.0
0.2	1110	888	222	467.5	117.0	500	584.5	506.0	662.2	668.3	500.1	867.1	125707.1	96419.3	160471.0	2516.7	1928.8	3209.4	76282.3	129494.5	99789.3	18217.0	31607.0	24292.5
0.2	1110	888	222	495.0	122.0	550	617.5	551.0	698.0	570.7	446.4	768.1	124246.0	96406.6	159562.9	2487.6	1928.4	3198.5	78460.8	129373.1	100098.2	18825.8	30829.2	24254.6
0.2	1110	888	222	525.0	130.0	600	651.0	588.8	725.2	500.3	380.3	658.2	123512.8	97913.5	150983.8	2473.9	1961.7	3025.0	79241.2	121540.6	99836.9	19286.0	29672.5	24103.5
0.2	1110	888	222	547.0	135.0	650	681.0	598.2	736.8	483.3	360.4	649.5	121154.4	93871.9	150257.9	2427.5	1877.4	3005.2	75015.8	118799.1	96836.6	18053.1	28965.6	23429.3
0.2	1110	888	222	560.0	139.0	700	694.0	626.2	770.0	395.4	307.4	571.3	117293.0	89198.0	146157.0	2345.9	1789.7	2923.1	72409.2	117891.6	94343.6	17841.2	27992.6	22676.1
0.2	1110	888	222	580.5	146.5	750	725.5	647.2	801.5	391.7	291.1	512.7	119676.0	96445.1	139815.0	2394.0	1932.5	2796.3	78612.9	112613.8	96120.0	19332.2	27770.5	23351.4
0.2	1110	888	222	613.0	153.0	800	764.5	691.5	822.8	374.6	272.1	493.0	118459.8	93951.6	143910.1	2369.2	1879.0	2879.5	75511.2	114958.1	94559.2	18080.0	28463.7	23665.8
0.2	1110	888	222	638.0	157.5	850	797.0	729.0	853.8	332.6	261.4	469.9	121329.2	98932.1	146632.0	2426.6	1981.5	2933.1	79260.4	117209.7	97672.6	19480.2	28698.7	24011.7
0.2	1110	888	222	648.5	162.0	900	816.5	726.2	887.0	351.2	258.6	434.0	117368.2	97471.1	147404.8	2347.4	1949.4	2948.1	78032.8	118880.0	95185.8	19083.7	29412.7	23191.4
0.2	1110	888	222	675.5	168.0	950	847.5	770.0	915.8	327.0	259.4	425.7	125656.4	102292.8	150366.0	2513.1	2045.9	3007.3	83227.6	120522.7	100518.0	19818.3	29474.4	24971.1
0.2	1110	888	222	700.0	174.0	1000	874.5	805.5	938.0	315.7	247.9	427.8	121010.1	104211.9	144553.2	2420.2	2086.0	2891.1	82513.7	116399.8	97621.6	20845.9	28551.4	23959.4
0.2	1110	888	222	707.0	176.0	1050	882.5	814.8	956.0	308.2	243.0	392.3	122112.9	94659.0	147384.9	2445.7	1893.2	2947.7	76417.4	118589.5	97210.4	18826.9	29041.0	23831.1
0.2	1110	888	222	727.5	181.0	1100	907.0	836.2	976.0	309.4	234.0	406.1	122647.4	97081.2	147312.2	2452.9	1941.6	2946.2	78788.9	118325.5	97768.6	19424.5	28979.7	24174.0
0.2	1110	888	222	750.5	188.0	1150	937.0	876.5	993.5	290.2	221.1	399.2	121049.4	93578.5	147828.8	2427.4	1873.8	2956.6	75090.1	119129.6	97197.6	18692.1	29702.9	23981.8
0.2	1110	888	222	762.5	190.5	1200	951.5	873.2	1010.0	278.5	199.2	382.8	120199.7	92305.0	148595.8	2404.0	1846.1	2973.0	74181.4	118435.3	96524.1	18146.6	29566.0	23767.3
0.4	1110	666	444	649.0	441.0	0	1090.0	1085.0	1094.0	4028.7	3740.6	4503.1	493930.8	485538.8	504144.9	9878.6	9710.8	10082.9	247458.8	261333.5	255415.5	232647.0	246052.6	239288.5
0.4	1110	666	444	640.0	439.0	50	1079.0	1072.2	1084.0	3956.2	3623.4	4347.3	432472.2	423159.7	442743.6	8649.4	8464.7	8854.9	227048.3	239549.6	232675.0	194292.5	206260.3	200045.5
0.4	1110	666	444	623.0	429.0	100	1050.0	1041.0	1061.0	3625.7	3250.7	4112.7	396872.9	380834.5	416366.9	7937.5	7616.7	8327.3	225172.0	248236.3	235757.9	152868.8	167944.7	160811.2
0.4	1110	666	444	594.0	408.0	150	1002.5	974.2	1025.0	3227.8	2802.4	3728.8	400300.7	381657.4	443636.0	8010.4	7633.1	8872.7	235253.6	281147.1	252357.0	141930.3	166267.1	151688.5
0.4	1110	666	444	554.5	377.0	200	935.0	860.0	971.0	2598.3	2266.5	3086.7	388778.4	349531.0	448552.5	7775.6	6992.9	8971.1	216135.5	283488.6	242664.1	128676.8	167516.0	144739.0
0.4	1110	666	444	474.5	322.5	250	800.0	704.2	878.0	1970.3	1654.1	2320.5	311179.0	259309.5	368592.8	6229.4	5192.3	7371.9	161967.4	231989.2	193363.2	96636.7	138841.5	117344.7
0.4	1110	666	444	412.5	280.0	300	695.5	574.8	799.2	1480.6	1215.9	1843.6	243444.6	181481.3	303783.7	4872.1	3631.3	6075.7	113327.7	187685.3	151561.2	68726.1	114458.7	93699.5
0.4	1110	666	444	377.0	255.5	350	630.5	534.2	730.2	1131.2	876.8	1462.3	189041.9	139286.4	238025.2	3784.1	2789.7	4768.8	87914.5	146287.1	115849.5	53411.2	90511.8	73558.6
0.4	1110	666	444	361.0	241.5	400	602.0	514.2	695.0	910.7	691.1	1210.5	156576.6	121919.9	201962.0	3131.5	2442.8	4043.7	74130.2	123419.6	95534.1	45754.5	78425.3	60815.3
0.4	1110	666	444	381.0	250.5	450	631.0	544.0	725.5	827.1	617.2	1030.7	154050.2	112835.8	203022.5	3081.0	2262.7	4060.5	69556.7	124029.3	95723.4	43885.0	78919.7	58958.0
0.4	1110	666	444	374.0	248.5	500	622.0	545.8	696.2	677.7	519.7	876.6	139096.0	107228.3	167749.5	2785.7	2145.7	3359.4	65554.0	102885.2	85560.5	40986.8	65746.4	53577.7
0.4	1110	666	444	381.0	252.5	550	632.0	563.0	697.8	605.6	457.5	796.6	127883.6	98396.0	163340.7	2560.3	1970.9	3267.6	60092.8	99384.8	77479.1	38408.5	63244.6	49842.4
0.4	1110	666	444	392.0	263.5	600	650.0	588.2	741.5	529.8	378.2	695.3	125789.6	96821.7	156085.8	2518.4	1939.9	3128.0	58794.1	94294.5	76337.5	37222.0	61617.3	49037.7
0.4	1110	666	444	411.5	276.0	650	689.5	605.8	768.0	486.4	364.5	674.4	122752.1	95705.6	163812.5	2458.8	1916.3	3276.2	58191.5	97802.7	75035.1	38292.4	63912.0	48500.5
0.4	1110	666	444	431.0	291.0	700	718.5	649.5	786.2	441.3	343.7	575.5	125583.3	99687.8	153234.8	2513.7	1996.8	3065.7	59495.5	93499.6	76947.5	40039.2	60499.2	49351.0
0.4	1110	666	444	453.0	305.0	750	758.0	683.0	818.8	418.6	325.9	534.7	126089.6	102376.7	153064.4	2521.8	2047.5	3061.3	61941.2	91315.6	75681.6	40874.9	60593.4	50071.1
0.4	1110	666	444	468.5	312.0	800	779.0	711.0	850.8	404.7	288.8	530.7	125480.5	107789.4	156767.0	2518.8	2155.8	3135.3	63411.0	94090.8	77002.8	42832.4	61657.6	49726.4
0.4	1110	666	444	482.5	321.0	850	804.0	714.5	869.8	372.3	272.5	497.9	123446.5	98052.2	153142.8	2478.5	1967.3	3064.6	59758.0	93560.9	75073.1	38103.6	60806.0	48991.5
0.4	1110	666	444	496.0	330.5	900	822.5	750.2	904.0	342.9	245.5	467.3	125851.3	98496.0	152335.4	2521.6	1973.1	3046.7	59919.9	92073.3	75762.1	38820.2	60332.7	49636.0
0.4	1110	666	444	507.0	338.5	950	843.5	767.0	916.0	323.5	240.6	410.9	118268.1	95628.1	145935.4	2369.5	1915.6	2921.3	57328.0	88272.3	71189.1	38052.2	57991.2	46457.1
0.4	1110	666	444	525.0	352.0	1000	875.5	806.5	935.8	307.1	231.0	427.5	129545.8	104695.5	155643.0	2590.9	2102.7	3114.8	63192.6	94464.6	77886.9	40962.9	62118.2	51654.7
0.4	1110	666	444	540.0	362.0	1050	899.5	844.2	952.8	307.9	238.4	403.5	126504.9	101601.1	145447.1	2536.2	2035.1	2908.9	60195.3	87624.2	75931.3	40228.0	58568.5	49655.3
0.4	1110	666	444	546.0	363.5	1100	909.5	837.0	971.8	267.7	201.9	371.0	123146.9	97118.7	149093.1	2467.8	1944.7	2988.1	58890.1	89555.6	73904.8	38115.8	59595.0	48563.4
0.4	1110	666	444	565.0	377.5	1150	939.0	870.0	999.8	288.3	208.4	378.8	128800.3	101685.8	151862.4	2576.0	2033.7	3037.2	60611.8	91799.1	77253.1	40258.6	60116.5	51517.9
0.4	1110	666	444	573.0	383.0	1200	953.0	888.0	1013.5	279.9	206.1	369.6	120734.6	96736.3	150710.3	2416.0	1935.1	3014.2	58037.0	91779.0	72782.9	38444.8	59553.4	47887.9
0.6000000000000001	1110	444	666	435.0	663.0	0	1098.0	1095.0	1101.0	4117.2	3816.5	4587.4	530970.4	519314.6	539847.5	10619.4	10386.3	10798.9	166864.1	176074.4	171031.6	351176.6	367231.8	359527.6
0.6000000000000001	1110	444	666	430.0	660.0	50	1090.0	1086.0	1093.0	3896.0	3579.7	4417.2	453079.7	444018.0	462519.5	9061.6	8882.9	9250.4	149297.2	158948.8	153867.5	291828.5	307088.1	299511.5
0.6000000000000001	1110	444	666	420.0	649.0	100	1069.0	1061.0	1076.0	3592.4	3271.8	4169.3	381470.6	369242.2	396154.6	7634.8	7386.0	7925.2	141927.6	156765.7	148868.4	226057.8	242423.9	234024.7
0.6000000000000001	1110	444	666	411.0	629.0	150	1040.0	1021.5	1054.8	3087.1	2704.8	3562.6	373514.3	349988.1	408688.4	7470.3	6999.8	8173.8	146041.0	171503.6	157210.0	203574.3	235263.1	216506.1
0.6000000000000001	1110	444	666	387.0	592.5	200	980.5	932.0	1018.0	2617.1	2258.9	2950.5	372110.9	331287.2	417640.6	7442.2	6635.3	8352.8	140904.7	178997.9	161077.0	189613.4	236353.1	211624.2
0.6000000000000001	1110	444	666	356.5	539.0	250	894.5	813.2	963.5	2147.1	1766.6	2486.5	330504.9	280792.0	381933.7	6610.1	5615.8	7644.5	119044.0	163910.2	141331.5	161033.9	218325.5	191216.4
0.6000000000000001	1110	444	666	312.0	469.0	300	779.5	677.5	871.8	1654.9	1351.8	2045.3	262738.5	210144.8	320317.7	5262.2	4202.9	6406.4	92785.5	137850.3	112340.2	120967.6	183603.4	153614.3
0.6000000000000001	1110	444	666	292.0	431.0	350	725.0	622.2	817.8	1302.1	1029.4	1649.8	220706.0	172461.5	278261.6	4417.6	3451.8	5565.2	71905.4	115374.3	94040.4	98548.4	162551.3	128873.0
0.6000000000000001	1110	444	666	275.0	418.0	400	696.0	566.0	774.8	991.7	781.4	1295.9	188242.6	137738.7	231228.2	3764.9	2759.6	4630.6	57267.1	96358.7	78606.2	80854.4	135360.4	110086.7
0.6000000000000001	1110	444	666	254.0	387.5	450	638.0	568.8	730.2	826.1	671.5	1058.8	155039.8	124699.9	200044.8	3103.3	2495.5	4003.1	51275.5	81783.4	63894.8	72174.3	116251.2	91128.0
0.6000000000000001	1110	444	666	258.5	381.5	500	640.0	570.0	711.8	678.8	518.0	922.8	141616.3	111860.2	175578.4	2835.6	2244.2	3512.1	45844.2	72523.2	57989.8	65407.2	102896.7	83258.0
0.6000000000000001	1110	444	666	262.5	390.5	550	654.5	578.2	749.5	626.1	457.0	778.6	134463.7	106684.5	166836.1	2689.3	2133.7	3336.7	43771.5	68474.7	55851.5	63712.2	98250.0	79102.5
0.6000000000000001	1110	444	666	279.0	413.0	600	691.0	625.5	773.0	586.7	448.8	778.4	137603.0	109845.5	163939.2	2759.7	2199.6	3278.8	44929.5	67021.2	56189.0	64947.5	97037.7	80535.9
0.6000000000000001	1110	444	666	280.0	416.5	650	699.5	623.2	780.5	480.0	370.3	676.7	124683.9	97556.8	157151.1	2493.7	1951.1	3144.2	39808.2	63904.0	51508.0	57983.4	93550.0	73199.3
0.6000000000000001	1110	444	666	297.5	449.0	700	743.0	670.0	817.8	440.9	330.4	581.6	130202.5	105019.8	154995.2	2605.5	2101.4	3105.8	42098.7	64074.6	52813.7	62615.7	92550.7	77413.6
0.6000000000000001	1110	444	666	303.0	458.5	750	763.0	681.0	850.0	435.3	316.2	570.5	128820.1	101211.9	156068.8	2577.6	2025.3	3121.4	40832.0	63248.7	51495.5	60333.1	92918.1	77479.4
0.6000000000000001	1110	444	666	312.5	467.5	800	780.0	708.0	860.2	380.2	277.9	520.9	122789.6	100484.0	149684.5	2457.5	2011.0	2993.7	40262.8	61234.1	49914.6	59263.2	88710.2	73004.4
0.6000000000000001	1110	444	666	326.0	488.5	850	817.0	743.0	871.0	364.5	279.4	475.8	123992.5	100364.3	151880.8	2479.9	2008.1	3042.5	40598.6	62192.1	50986.7	59352.6	90056.5	73464.0
0.6000000000000001	1110	444	666	345.5	511.0	900	855.0	785.2	923.8	350.1	261.9	479.2	128725.3	105635.2	158901.8	2574.5	2112.7	3179.0	42849.1	63987.5	52428.5	63287.0	94790.5	76950.8
0.6000000000000001	1110	444	666	340.0	509.5	950	849.0	784.5	926.5	316.2	243.6	435.5	121638.0	102818.7	152476.8	2432.8	2058.4	3049.5	41287.9	60994.6	48772.9	61181.7	90347.2	73136.2
0.6000000000000001	1110	444	666	353.5	534.5	1000	887.0	806.0	946.8	317.4	238.1	427.1	123132.9	103939.9	149910.3	2467.4	2080.6	2998.2	41870.7	60624.4	50272.6	62530.5	89886.2	73134.0
0.6000000000000001	1110	444	666	360.0	540.0	1050	903.0	840.0	979.8	311.4	234.6	423.5	124697.3	102732.7	150969.4	2493.9	2058.1	3019.4	41762.5	61569.4	50003.6	61502.4	89554.7	74230.2
0.6000000000000001	1110	444	666	372.0	559.5	1100	931.5	856.0	994.0	300.5	218.5	398.7	123473.7	99811.0	151323.7	2469.5	1996.2	3033.3	40963.6	61610.8	49850.7	59659.5	89100.4	73676.0
0.6000000000000001	1110	444	666	381.0	570.0	1150	950.5	872.2	1012.5	282.6	214.7	393.4	127194.3	104283.5	152067.0	2543.9	2095.0	3046.3	42150.4	62409.2	51392.5	62651.8	91549.6	75845.2
0.6000000000000001	1110	444	666	387.0	574.5	1200	962.0	889.5	1019.8	297.9	225.3	386.5	124221.4	103020.4	149454.4	2489.3	2060.4	2989.1	41528.8	60637.8	50807.7	61108.5	89323.9	73615.4
0.8	1110	222	888	218.0	885.0	0	1103.0	1101.0	1105.0	4244.6	3900.8	4568.3	566490.3	553855.5	577309.0	11329.8	11077.1	11546.2	82738.9	89129.0	86185.9	467977.4	490141.1	479492.0
0.8	1110	222	888	216.0	881.0	50	1098.0	1095.0	1100.0	4021.9	3636.9	4514.6	474168.8	464015.4	484331.9	9483.4	9280.3	9686.6	73257.1	79660.3	76191.0	389638.6	406251.8	397127.1
0.8	1110	222	888	213.0	870.0	100	1083.0	1077.0	1089.0	3664.3	3230.1	4128.3	372781.0	361181.3	385220.2	7457.1	7225.7	7704.4	67672.8	75339.3	71357.4	292816.0	311833.8	301730.5
0.8	1110	222	888	209.0	854.5	150	1063.0	1051.0	1072.0	3172.1	2790.4	3567.7	354064.7	334251.6	370821.5	7084.7	6687.9	7416.4	69754.2	80738.7	74898.1	264225.1	292144.1	276717.2
0.8	1110	222	888	201.0	820.0	200	1021.0	988.2	1047.8	2618.7	2244.9	3126.4	356544.9	326180.4	385167.2	7132.4	6523.6	7703.3	71603.7	87101.7	78450.6	256571.9	298578.6	277926.8
0.8	1110	222	888	190.0	772.0	250	965.0	896.2	1004.8	2225.2	1809.5	2726.8	335249.6	295680.0	374335.1	6705.0	5921.4	7488.9	63827.4	83285.6	72959.8	232444.0	292082.8	260921.7
0.8	1110	222	888	172.0	704.5	300	873.0	787.2	938.0	1790.4	1419.2	2171.3	289826.4	246734.3	338263.2	5800.2	4939.6	6770.2	52909.2	73635.5	62679.6	193570.0	265601.7	228317.7
0.8	1110	222	888	156.0	632.0	350	786.0	702.2	888.0	1365.4	1100.4	1663.9	244566.9	193646.9	297357.3	4895.6	3872.9	5947.1	40873.8	63107.0	50818.0	153177.8	233603.6	192384.5
0.8	1110	222	888	148.0	603.0	400	750.0	671.8	823.0	1113.4	896.1	1450.8	209263.0	168620.1	247350.0	4185.3	3378.3	4955.9	34473.9	53281.2	43505.4	131812.2	194092.5	163636.1
0.8	1110	222	888	140.0	574.5	450	717.0	621.2	802.8	941.3	702.0	1153.6	177738.8	130245.9	215477.6	3557.7	2608.3	4313.4	26036.2	44735.7	35915.5	103805.2	170268.7	141001.5
0.8	1110	222	888	138.5	563.5	500	702.0	611.0	794.5	738.6	557.6	983.5	155353.7	116531.6	193436.1	3111.7	2330.6	3869.0	24378.8	39767.7	31118.5	92062.8	153728.5	124946.3
0.8	1110	222	888	141.0	572.5	550	712.5	623.5	785.8	643.6	490.8	840.9	145593.8	116351.0	182916.6	2912.7	2331.8	3658.3	23979.4	38245.2	30034.7	91411.6	144344.4	116311.0
0.8	1110	222	888	143.0	573.0	600	713.5	635.2	799.5	577.3	431.2	751.8	138369.1	114078.5	171182.0	2770.3	2281.6	3425.7	23108.2	35248.8	28415.0	90399.8	136182.8	110140.8
0.8	1110	222	888	146.0	589.0	650	739.0	654.2	805.8	496.6	380.8	678.4	134586.5	108244.7	169037.8	2694.8	2171.5	3382.5	21898.5	34165.1	27113.8	86098.0	136970.0	107156.0
0.8	1110	222	888	149.5	594.5	700	745.0	660.5	818.0	456.6	346.1	577.0	126860.9	102454.6	158109.0	2539.6	2053.0	3163.5	20759.3	32228.9	25545.2	80946.5	125934.4	101381.2
0.8	1110	222	888	155.0	624.5	750	779.0	702.0	840.8	410.1	310.0	552.6	128786.7	105161.1	150808.5	2580.1	2103.2	3017.4	21601.4	31056.9	26268.8	82541.9	120781.3	102726.1
0.8	1110	222	888	156.0	635.0	800	790.5	714.2	871.2	381.0	285.2	521.5	120573.5	101693.7	152363.2	2411.5	2033.9	3050.6	20652.0	29787.0	24757.1	81478.7	121438.0	96722.6
0.8	1110	222	888	161.0	650.5	850	812.5	740.0	881.8	375.6	282.9	515.4	123118.0	102599.3	150014.2	2467.9	2054.7	3000.3	20988.2	30565.4	24981.2	81358.0	120343.4	98115.5
0.8	1110	222	888	164.0	672.0	900	838.5	776.0	905.0	344.5	263.1	465.7	127240.5	101151.4	149383.7	2550.4	2027.6	2987.7	20893.1	30520.3	25745.8	81284.4	119589.0	101645.3
0.8	1110	222	888	170.0	684.0	950	856.0	791.2	922.0	305.0	247.3	428.3	125285.0	100967.1	147048.3	2508.1	2020.5	2941.0	19947.3	30038.9	25174.2	80883.7	116776.9	100129.7
0.8	1110	222	888	176.0	707.5	1000	882.5	822.2	950.0	308.1	235.2	423.3	124846.0	100516.0	150527.8	2496.9	2014.9	3010.6	20265.3	30279.3	25119.3	80648.6	119695.8	99539.7
0.8	1110	222	888	178.0	720.5	1050	897.0	819.5	965.5	296.4	220.2	400.4	122363.0	102899.1	149507.8	2457.0	2058.0	2992.9	20573.4	30038.0	24848.9	82141.5	119010.4	98026.8
0.8	1110	222	888	182.0	734.5	1100	914.5	847.2	987.8	288.0	223.7	379.2	123657.8	101080.3	153011.0	2473.2	2021.6	3060.2	20332.4	30525.5	24926.4	79724.6	122351.8	98828.7
0.8	1110	222	888	188.0	761.0	1150	947.0	878.0	1002.8	270.0	216.9	356.4	124367.9	102743.4	148803.8	2487.4	2056.6	2976.1	20867.4	30382.0	24941.9	82259.1	118634.6	98921.0
0.8	1110	222	888	190.0	769.0	1200	956.5	879.2	1010.8	276.5	204.4	382.8	123304.5	103275.2	145674.6	2466.1	2065.5	2913.5	20878.2	29981.5	24610.8	81778.6	115594.4	98416.6
1.0	1110	0	1110	0.0	1107.0	0	1107.0	1106.0	1108.0	4176.4	3863.7	4627.2	599375.9	586021.3	610212.9	11987.5	11720.4	12204.3	0.0	0.0	0.0	586021.3	610212.9	599375.9
1.0	1110	0	1110	0.0	1104.0	50	1104.0	1102.0	1106.0	4069.5	3697.4	4522.8	496443.4	486640.2	507109.5	9932.3	9732.8	10142.2	0.0	0.0	0.0	486640.2	507109.5	496443.4
1.0	1110	0	1110	0.0	1093.0	100	1093.0	1089.0	1096.0	3659.2	3226.2	4062.0	369684.3	361262.9	378974.9	7396.5	7225.3	7580.1	0.0	0.0	0.0	361262.9	378974.9	369684.3
1.0	1110	0	1110	0.0	1077.0	150	1077.0	1069.0	1084.0	3183.8	2775.0	3839.4	327829.9	315678.8	341048.3	6556.6	6313.6	6821.0	0.0	0.0	0.0	315678.8	341048.3	327829.9
1.0	1110	0	1110	0.0	1050.0	200	1050.0	1030.0	1064.8	2592.8	2274.8	3189.5	322393.9	304397.4	342660.1	6447.9	6087.9	6853.2	0.0	0.0	0.0	304397.4	342660.1	322393.9
1.0	1110	0	1110	0.0	1006.0	250	1006.0	947.0	1038.0	2217.2	1855.4	2577.7	312660.9	283084.3	346542.3	6253.2	5661.7	6930.8	0.0	0.0	0.0	283084.3	346542.3	312660.9
1.0	1110	0	1110	0.0	940.0	300	940.0	858.8	994.0	1835.6	1505.4	2249.9	286058.9	248002.0	337611.7	5721.2	4962.8	6752.2	0.0	0.0	0.0	248002.0	337611.7	286058.9
1.0	1110	0	1110	0.0	868.0	350	868.0	766.5	935.8	1467.3	1194.5	1812.6	248529.3	202992.1	298896.6	4970.6	4059.8	5977.9	0.0	0.0	0.0	202992.1	298896.6	248529.3
1.0	1110	0	1110	0.0	809.0	400	809.0	722.0	893.0	1143.1	901.6	1449.3	204985.6	169603.5	247608.5	4106.7	3392.1	4952.2	0.0	0.0	0.0	169603.5	247608.5	204985.6
1.0	1110	0	1110	0.0	756.5	450	756.5	645.8	851.8	937.6	714.0	1240.7	183921.4	137790.4	218740.4	3678.4	2755.8	4377.3	0.0	0.0	0.0	137790.4	218740.4	183921.4
1.0	1110	0	1110	0.0	749.5	500	749.5	660.2	841.2	780.3	623.1	995.2	163595.4	132191.1	206829.5	3273.7	2643.8	4136.6	0.0	0.0	0.0	132191.1	206829.5	163595.4
1.0	1110	0	1110	0.0	733.5	550	733.5	630.2	833.5	671.0	490.4	863.7	145979.8	110034.2	184873.1	2924.1	2207.4	3698.3	0.0	0.0	0.0	110034.2	184873.1	145979.8
1.0	1110	0	1110	0.0	771.0	600	771.0	669.0	859.5	628.2	464.4	812.3	147421.6	117691.4	190430.8	2951.7	2353.8	3808.6	0.0	0.0	0.0	117691.4	190430.8	147421.6
1.0	1110	0	1110	0.0	763.0	650	763.0	666.2	843.8	526.9	400.9	682.6	133424.8	109364.4	165366.5	2671.4	2191.3	3307.3	0.0	0.0	0.0	109364.4	165366.5	133424.8
1.0	1110	0	1110	0.0	765.5	700	765.5	692.2	857.0	465.2	367.3	608.8	132435.7	107333.8	163496.8	2653.2	2146.7	3269.9	0.0	0.0	0.0	107333.8	163496.8	132435.7
1.0	1110	0	1110	0.0	805.5	750	805.5	739.0	879.5	453.5	347.1	613.3	137112.5	112131.8	160567.8	2747.1	2242.6	3215.8	0.0	0.0	0.0	112131.8	160567.8	137112.5
1.0	1110	0	1110	0.0	804.5	800	804.5	723.5	876.8	385.2	287.2	501.4	125824.3	103069.1	151894.9	2516.5	2071.3	3037.9	0.0	0.0	0.0	103069.1	151894.9	125824.3
1.0	1110	0	1110	0.0	831.5	850	831.5	756.0	899.0	374.9	291.8	516.6	126000.6	105316.7	153364.7	2525.0	2106.3	3074.9	0.0	0.0	0.0	105316.7	153364.7	126000.6
1.0	1110	0	1110	0.0	857.5	900	857.5	782.0	929.8	340.5	259.0	479.0	126444.0	105494.1	153336.8	2528.9	2109.9	3068.3	0.0	0.0	0.0	105494.1	153336.8	126444.0
1.0	1110	0	1110	0.0	893.0	950	893.0	801.0	964.0	335.4	253.4	456.4	129450.4	104554.2	153519.8	2594.3	2092.5	3070.4	0.0	0.0	0.0	104554.2	153519.8	129450.4
1.0	1110	0	1110	0.0	893.5	1000	893.5	823.2	973.8	325.3	246.9	415.0	128099.3	104518.3	149941.1	2567.2	2090.4	3005.1	0.0	0.0	0.0	104518.3	149941.1	128099.3
1.0	1110	0	1110	0.0	924.5	1050	924.5	845.2	991.2	305.6	235.7	407.9	125209.1	106891.8	155809.0	2504.2	2140.5	3116.2	0.0	0.0	0.0	106891.8	155809.0	125209.1
1.0	1110	0	1110	0.0	932.5	1100	932.5	870.2	998.8	293.8	225.9	386.6	126683.6	103912.6	148197.1	2534.4	2078.3	2963.9	0.0	0.0	0.0	103912.6	148197.1	126683.6
1.0	1110	0	1110	0.0	956.0	1150	956.0	880.8	1019.0	290.0	216.2	390.8	123734.4	103356.9	147382.1	2475.9	2072.6	2954.5	0.0	0.0	0.0	103356.9	147382.1	123734.4
1.0	1110	0	1110	0.0	952.5	1200	952.5	875.2	1012.0	272.3	196.8	356.0	126649.1	98270.6	150024.3	2534.4	1965.4	3000.5	0.0	0.0	0.0	98270.6	150024.3	126649.1
