# 2D Parameter Scan for FracB and Single Radius Control: Landscape Size 4000
# Kernel = <function exponential_kernel at 0x7f48b84f2ca0>; Scale Parameter = 119m ; Sps Parameters = [[0.015      0.14       0.00285714 0.00053   ]
 [0.015      0.14       0.00285714 0.00053   ]]
# control_start = random
Frac_B	Radius	Med_KE	Q1_KE	Q3_KE	Med_time	Q1_endtime	Q3_endtime	Med_AUDPC	Q1_AUDPC	Q3_AUDPC	Med_AUDP_SPS	Q1_AUDPC_SPS	Q3_AUDPC_SPS
0.0	0	1080.0		1075.0	1085.0	3665.5	3296.9	4002.9	425560.7	416676.5	433472.3	6383.4	6250.1	6503.6
0.0	50	1063.0		1056.0	1070.0	3643.4	3268.6	3977.7	386641.1	377959.4	395584.4	5800.3	5669.4	5938.0
0.0	100	1024.0		1008.0	1035.0	3261.1	2967.0	3787.7	387586.9	368464.7	407933.0	5813.8	5532.2	6119.0
0.0	150	935.0		893.0	985.0	2902.5	2595.6	3247.8	401940.4	372774.9	446397.9	6029.1	5592.5	6696.0
0.0	200	783.0		701.5	878.8	2214.2	1953.2	2696.5	349378.7	277242.4	397790.6	5243.5	4162.9	5966.9
0.0	250	680.0		569.0	771.8	1699.2	1329.1	2143.0	261382.8	191569.2	322409.2	3920.7	2878.1	4836.1
0.0	300	590.0		486.0	682.5	1215.7	936.9	1538.0	185940.4	132764.7	237943.8	2790.9	1992.3	3573.4
0.0	350	550.5		462.2	643.5	986.7	756.5	1235.9	151019.8	107361.3	208168.0	2265.3	1611.3	3122.5
0.0	400	532.0		465.2	624.8	768.0	590.1	1004.4	125718.6	96849.8	163254.4	1888.1	1456.0	2451.5
0.0	450	552.5		462.5	637.5	659.2	502.0	851.0	120105.2	84287.4	156630.0	1804.7	1264.8	2354.2
0.0	500	587.0		499.2	653.8	565.1	443.5	754.6	118951.6	89484.2	150165.5	1784.3	1343.2	2258.1
0.0	550	598.5		512.2	666.0	486.2	359.5	639.0	113356.4	83419.3	143062.8	1700.3	1253.3	2150.4
0.0	600	624.0		557.2	696.8	457.8	361.0	610.9	113503.5	84701.2	136555.1	1706.7	1272.0	2048.3
0.0	650	663.0		586.0	728.8	437.1	336.1	574.1	114447.9	87365.4	139017.5	1716.9	1311.0	2088.5
0.0	700	697.0		622.2	762.0	391.4	309.7	514.5	115474.5	92449.9	141742.9	1736.6	1391.1	2131.2
0.0	750	718.0		662.0	796.2	370.8	294.6	490.2	114360.3	93968.2	137115.7	1718.7	1409.5	2057.7
0.0	800	763.5		702.5	823.5	337.5	257.0	447.4	112224.3	94141.9	139481.0	1683.4	1416.6	2094.1
0.0	850	787.0		713.0	845.8	311.5	249.5	421.2	111839.2	92416.9	139757.0	1680.4	1386.3	2100.0
0.0	900	805.0		732.2	870.8	310.4	237.4	412.0	113934.9	93541.8	131840.6	1713.6	1403.1	1977.6
0.0	950	830.5		734.8	897.5	278.4	220.1	381.1	111061.2	87047.3	136792.1	1670.8	1311.5	2051.9
0.0	1000	860.5		773.5	935.0	307.6	227.3	412.8	120746.0	94433.6	148237.2	1814.2	1416.5	2228.3
0.0	1050	898.0		836.2	958.8	294.2	220.6	392.6	121788.0	97032.0	147663.8	1829.6	1459.9	2215.0
0.0	1100	922.5		848.2	989.2	276.8	213.6	358.9	117937.9	96957.0	135434.5	1769.1	1456.4	2031.5
0.0	1150	921.0		837.0	988.0	263.8	201.8	338.4	116952.4	93917.3	141006.4	1754.3	1408.8	2115.1
0.0	1200	949.5		875.2	1011.0	260.6	193.6	342.0	116957.3	95993.8	139901.8	1755.1	1440.5	2101.7
0.2	0	1090.0		1086.0	1093.8	3775.3	3499.8	4073.8	490566.8	481152.6	500530.7	7358.5	7217.3	7508.0
0.2	50	1079.0		1073.0	1084.0	3737.9	3431.3	4072.3	434205.7	425128.5	443536.9	6513.1	6378.8	6653.1
0.2	100	1045.0		1035.0	1057.0	3498.9	3186.2	4024.4	392400.6	378510.9	410458.8	5886.0	5680.6	6156.9
0.2	150	994.0		969.0	1018.0	3028.4	2665.6	3590.7	403025.2	372323.4	439499.9	6050.7	5590.4	6594.0
0.2	200	904.5		845.5	955.5	2555.8	2163.7	2970.7	381919.2	336169.3	434198.9	5728.8	5042.5	6513.0
0.2	250	790.5		704.8	857.5	1993.1	1681.2	2433.5	317770.6	261844.7	378580.0	4766.6	3929.6	5678.7
0.2	300	696.5		594.8	789.5	1509.9	1212.0	1930.4	243356.1	189143.3	312672.8	3650.3	2839.8	4696.6
0.2	350	620.5		517.0	712.8	1174.5	923.5	1457.1	181199.5	141027.7	242904.5	2718.0	2118.4	3645.3
0.2	400	611.5		525.2	693.0	986.5	769.0	1209.4	163114.5	124118.7	219548.1	2451.5	1862.6	3294.3
0.2	450	615.5		517.0	694.8	792.6	634.0	1056.2	156629.5	114382.8	190933.4	2351.7	1718.6	2865.2
0.2	500	621.5		554.2	695.8	698.8	543.2	871.0	137231.8	106956.3	173192.2	2058.5	1607.7	2603.6
0.2	550	623.0		548.2	697.8	570.4	439.8	769.2	125045.0	96958.5	168368.6	1878.2	1454.4	2526.3
0.2	600	679.5		608.5	737.2	551.1	428.7	705.2	135037.8	107699.0	161862.7	2030.4	1619.0	2431.7
0.2	650	683.5		611.2	763.5	471.3	351.1	650.5	125161.0	97529.8	158067.3	1879.7	1466.5	2373.0
0.2	700	715.0		652.0	793.0	454.1	345.0	616.3	127176.5	100388.7	155052.1	1907.9	1506.5	2325.8
0.2	750	747.5		675.8	803.0	403.3	302.7	538.8	121828.9	97888.3	151287.8	1830.3	1472.0	2269.5
0.2	800	760.5		690.0	821.8	404.7	294.7	524.9	125105.7	99329.2	152809.4	1876.6	1495.6	2297.6
0.2	850	789.0		722.5	863.8	367.2	282.1	495.8	128531.5	103192.7	150582.3	1928.0	1552.7	2259.6
0.2	900	821.0		740.2	888.0	341.9	260.3	459.2	125701.9	100046.8	150258.3	1885.5	1504.9	2253.9
0.2	950	838.0		767.5	904.8	319.0	244.7	445.5	121871.3	98547.7	148071.0	1829.5	1478.2	2223.9
0.2	1000	882.5		804.5	942.8	313.4	254.6	417.7	126288.7	105247.5	152810.5	1894.3	1578.7	2298.2
0.2	1050	902.0		810.2	957.5	324.1	255.1	403.0	132917.5	103263.3	156323.5	1996.9	1553.5	2348.4
0.2	1100	922.0		826.2	985.5	319.1	237.4	421.7	131380.6	102548.8	164388.7	1974.2	1539.9	2466.3
0.2	1150	934.0		855.2	1000.0	288.9	221.5	374.5	122424.6	99645.0	150061.0	1838.9	1497.2	2250.9
0.2	1200	954.0		881.2	1010.5	279.7	212.5	373.7	128253.3	101902.6	150653.7	1924.5	1533.9	2259.8
0.4	0	1098.0		1095.0	1101.0	3906.2	3594.7	4243.8	558094.4	549084.1	566780.4	8371.4	8236.3	8501.7
0.4	50	1091.0		1087.0	1095.0	3836.2	3531.3	4154.6	486447.7	478444.9	496636.0	7299.0	7176.7	7449.5
0.4	100	1071.0		1062.2	1078.0	3614.3	3263.7	3993.0	418225.1	404953.9	432296.3	6273.4	6075.5	6484.4
0.4	150	1036.0		1015.2	1053.0	3233.8	2875.5	3641.1	414526.0	391702.8	447486.6	6217.9	5875.5	6712.3
0.4	200	979.5		920.8	1011.8	2785.1	2398.0	3259.4	422563.2	385891.6	464260.6	6338.4	5788.4	6963.9
0.4	250	856.0		756.2	939.8	2259.6	1951.8	2723.7	373301.0	306634.9	415114.8	5599.5	4603.5	6226.7
0.4	300	768.0		667.8	874.8	1848.1	1482.0	2179.6	300400.0	243791.1	366752.8	4513.3	3660.4	5501.3
0.4	350	681.5		569.0	778.8	1379.6	1062.1	1701.6	230267.4	168973.8	287340.3	3454.0	2539.7	4310.1
0.4	400	658.0		548.2	741.8	1174.9	902.6	1445.3	203218.0	141373.9	251412.3	3048.3	2120.6	3771.2
0.4	450	639.0		543.0	742.8	980.7	755.4	1193.8	178993.2	128273.4	227926.6	2686.8	1925.0	3418.9
0.4	500	651.0		559.8	750.8	818.4	614.1	1086.7	167032.0	124046.1	216829.9	2505.5	1861.9	3252.4
0.4	550	676.0		578.0	748.8	716.6	538.0	918.3	156445.7	117699.2	196401.1	2346.7	1766.9	2946.0
0.4	600	675.0		605.0	764.0	643.6	489.8	841.8	143406.7	113066.4	188566.9	2153.6	1700.4	2832.6
0.4	650	691.0		615.2	771.8	557.6	436.7	729.8	140644.8	109519.8	172806.5	2112.2	1647.0	2592.1
0.4	700	715.0		626.0	792.0	509.1	385.6	678.6	137249.3	104459.2	171720.9	2059.9	1571.6	2580.0
0.4	750	748.5		683.0	824.2	460.8	363.3	619.0	145702.6	111912.7	173929.4	2188.0	1678.7	2608.9
0.4	800	773.5		708.0	846.8	420.2	329.7	561.6	136530.8	113101.0	169885.2	2050.3	1696.5	2553.6
0.4	850	805.5		731.2	880.0	429.9	329.3	524.6	142072.1	115820.9	170588.6	2133.5	1739.2	2558.8
0.4	900	826.5		751.2	897.8	402.2	307.0	531.4	146242.2	117197.1	174467.7	2194.6	1760.5	2620.3
0.4	950	861.0		775.0	921.8	393.1	302.0	498.2	140528.5	115138.1	168529.5	2113.5	1729.9	2527.9
0.4	1000	886.5		812.2	962.8	347.4	266.8	472.4	138998.8	113528.9	172542.3	2085.0	1702.9	2588.1
0.4	1050	894.0		835.2	966.0	338.6	254.8	449.8	142388.1	110363.9	169968.9	2135.8	1655.5	2549.5
0.4	1100	910.5		846.0	984.0	349.4	261.7	444.3	142424.5	111655.9	167854.8	2136.4	1675.1	2517.8
0.4	1150	920.5		858.2	992.0	325.2	248.0	433.8	136994.4	108776.1	167451.9	2056.3	1631.6	2511.8
0.4	1200	947.0		875.5	1008.0	342.8	248.6	443.7	141341.7	115973.8	165139.1	2120.7	1739.6	2477.1
0.6000000000000001	0	1102.0		1099.0	1104.0	3962.5	3660.7	4310.8	621981.4	611246.4	632081.9	9329.7	9168.7	9481.2
0.6000000000000001	50	1098.0		1095.0	1101.0	3896.4	3638.7	4261.5	538926.0	530894.5	548888.5	8083.9	7963.4	8233.3
0.6000000000000001	100	1084.0		1077.0	1088.0	3678.2	3365.5	4076.8	442021.8	429416.5	455598.4	6630.3	6441.2	6834.0
0.6000000000000001	150	1063.0		1055.0	1073.0	3286.4	2991.5	3650.5	418380.2	401032.3	439433.1	6275.7	6015.5	6591.5
0.6000000000000001	200	1034.5		1001.2	1052.0	2878.3	2550.6	3377.1	432448.5	394246.0	467686.1	6490.4	5918.4	7015.3
0.6000000000000001	250	968.0		908.0	1008.5	2559.4	2219.4	2944.0	407983.6	365887.6	452042.2	6121.2	5488.3	6780.6
0.6000000000000001	300	895.5		816.2	951.8	2120.7	1815.2	2563.1	358536.6	309739.4	415518.9	5378.0	4646.1	6232.8
0.6000000000000001	350	815.0		692.5	887.0	1724.3	1440.5	2071.7	305278.7	239487.7	364025.1	4579.2	3592.3	5460.4
0.6000000000000001	400	778.5		667.2	869.0	1432.5	1200.1	1770.4	261792.4	204761.3	326980.4	3926.9	3071.4	4904.7
0.6000000000000001	450	736.5		636.2	819.2	1138.5	920.9	1458.1	228205.2	180289.1	278093.6	3425.5	2705.4	4171.4
0.6000000000000001	500	724.0		633.0	810.5	983.4	760.3	1261.1	207289.9	158290.5	251351.7	3112.2	2378.8	3770.3
0.6000000000000001	550	718.0		639.5	795.8	845.1	657.6	1079.9	193327.8	151754.3	228497.8	2899.9	2278.2	3427.8
0.6000000000000001	600	716.0		641.2	811.8	811.1	579.1	1027.0	174944.5	139053.9	220487.3	2624.7	2088.6	3307.3
0.6000000000000001	650	733.5		657.2	818.8	687.5	520.8	863.4	169054.0	133561.3	209273.7	2537.7	2004.3	3141.8
0.6000000000000001	700	768.0		682.2	834.8	591.4	460.5	763.2	166788.1	138740.0	201131.0	2501.8	2081.1	3017.0
0.6000000000000001	750	773.0		702.2	856.0	525.7	403.7	679.6	162767.1	131830.5	198980.1	2444.1	1977.5	2984.7
0.6000000000000001	800	798.5		729.0	870.0	540.5	378.7	711.7	158806.9	124737.4	197180.0	2382.1	1871.1	2957.7
0.6000000000000001	850	813.0		738.0	879.0	484.4	336.7	635.8	153619.9	126994.9	186860.4	2304.3	1906.2	2802.9
0.6000000000000001	900	848.0		777.0	903.8	442.6	339.4	610.1	161634.0	131927.4	187088.5	2426.3	1981.6	2810.4
0.6000000000000001	950	872.0		789.2	940.5	437.0	345.9	571.4	158062.2	131509.3	195474.4	2370.9	1975.1	2937.2
0.6000000000000001	1000	881.0		807.5	945.8	424.8	323.0	558.8	161474.9	132812.0	195709.0	2422.1	1992.2	2935.6
0.6000000000000001	1050	896.5		821.0	959.0	399.5	308.0	520.8	150852.5	128185.9	185252.2	2266.7	1926.1	2778.8
0.6000000000000001	1100	926.0		847.0	985.0	402.5	280.3	536.2	162198.7	121378.0	191372.4	2433.0	1820.7	2875.4
0.6000000000000001	1150	937.0		857.2	1004.0	376.1	276.7	506.8	154208.3	123404.5	186259.1	2313.1	1852.5	2793.9
0.6000000000000001	1200	954.5		872.2	1009.8	345.0	251.3	464.5	151621.2	129701.3	182145.7	2274.3	1945.5	2732.2
0.8	0	1105.0		1103.0	1107.0	4047.8	3768.0	4375.4	688656.5	678251.0	697701.0	10329.8	10173.8	10465.5
0.8	50	1102.0		1100.0	1104.0	3901.4	3643.5	4189.0	599578.7	589572.3	607838.7	8993.7	8843.6	9117.6
0.8	100	1093.0		1088.0	1096.0	3729.6	3388.8	4106.0	475758.6	465090.0	485197.3	7136.4	6976.3	7278.0
0.8	150	1080.0		1072.0	1086.0	3353.1	3052.8	3718.2	427983.4	410961.4	444446.3	6419.8	6164.4	6666.7
0.8	200	1065.0		1047.2	1075.0	3159.8	2738.1	3536.3	429517.8	403760.5	460843.4	6442.8	6056.4	6912.7
0.8	250	1030.0		998.0	1055.0	2767.2	2456.7	3153.4	416600.4	386779.7	459110.1	6249.0	5801.7	6886.7
0.8	300	984.0		929.2	1028.0	2335.7	1965.0	2773.2	399735.6	362464.3	451801.7	5996.1	5437.0	6777.0
0.8	350	926.5		843.2	977.8	1991.5	1710.8	2342.4	366538.9	317303.6	419784.1	5498.1	4763.6	6296.8
0.8	400	873.5		783.5	959.0	1753.8	1462.1	2118.2	330121.6	277049.1	387536.4	4951.8	4155.7	5813.0
0.8	450	823.0		720.5	902.5	1438.8	1173.7	1832.6	282001.0	230440.3	333931.3	4233.0	3456.6	5009.0
0.8	500	793.0		705.0	878.8	1245.6	989.7	1550.7	264083.3	197229.9	321054.5	3961.2	2958.4	4820.2
0.8	550	767.0		655.5	854.8	1069.3	826.0	1309.3	225152.0	175575.3	283980.9	3377.3	2638.8	4259.7
0.8	600	786.5		698.0	876.0	925.5	716.3	1151.6	213570.7	168672.8	265677.3	3203.6	2530.1	3985.2
0.8	650	789.0		701.8	882.2	808.0	610.7	1037.2	209738.8	167758.9	262176.1	3146.1	2519.4	3933.5
0.8	700	795.0		716.5	877.8	770.4	563.3	989.3	202677.9	160790.1	248662.1	3040.3	2415.4	3731.4
0.8	750	805.0		733.0	892.0	663.7	511.8	870.4	189449.1	158494.5	231237.4	2843.1	2377.4	3468.6
0.8	800	818.0		742.8	901.8	611.1	488.8	810.7	188938.8	156523.1	218754.3	2834.1	2349.7	3281.3
0.8	850	854.0		780.2	920.5	558.1	422.7	799.3	190485.9	157083.9	228641.2	2860.8	2358.8	3429.6
0.8	900	872.5		798.2	948.0	562.3	430.7	737.5	188323.0	156016.0	228804.4	2824.8	2340.2	3432.6
0.8	950	874.5		789.2	931.8	477.1	374.3	638.1	176872.1	139852.3	208875.0	2655.8	2097.8	3133.1
0.8	1000	895.0		830.2	965.5	491.5	386.9	656.4	177504.5	148807.0	222110.9	2662.6	2232.1	3331.7
0.8	1050	918.0		845.0	982.5	464.8	333.6	606.3	180632.7	149684.7	215708.7	2709.5	2245.3	3235.6
0.8	1100	934.0		856.2	999.0	435.2	326.1	579.3	184600.4	144184.4	223035.5	2769.0	2163.9	3345.5
0.8	1150	952.5		867.0	1004.8	408.7	337.1	541.0	176718.1	144073.9	210491.5	2650.8	2161.1	3157.4
0.8	1200	962.0		880.0	1023.5	389.9	303.7	553.0	175105.1	141919.5	209443.8	2626.6	2128.8	3141.7
1.0	0	1106.0		1105.0	1107.0	4118.6	3834.1	4458.9	752039.2	742637.7	763938.3	11280.6	11139.6	11459.1
1.0	50	1104.0		1102.0	1106.0	3919.0	3668.6	4286.3	659527.5	648968.9	668823.4	9892.9	9734.5	10032.4
1.0	100	1098.0		1095.0	1101.0	3727.0	3473.7	4114.9	511419.9	502603.1	520491.3	7671.3	7539.0	7807.4
1.0	150	1092.0		1088.0	1096.0	3356.4	3017.7	3802.4	439309.3	427178.0	451428.2	6589.6	6407.7	6771.4
1.0	200	1084.0		1073.0	1090.0	3086.8	2770.9	3479.0	414605.8	397305.2	431114.6	6219.1	5959.6	6466.7
1.0	250	1070.5		1054.2	1082.0	2774.5	2468.5	3146.0	407223.5	383729.5	435181.3	6108.4	5755.9	6527.7
1.0	300	1054.5		1024.0	1072.0	2538.6	2190.0	2959.1	406957.0	382244.3	442305.5	6104.4	5733.7	6634.6
1.0	350	1023.0		983.2	1056.8	2244.7	1967.1	2670.1	394722.2	367188.2	434507.5	5923.9	5509.4	6517.6
1.0	400	987.5		936.0	1031.8	2001.8	1731.7	2405.1	380236.1	340018.5	422975.0	5704.8	5105.6	6344.6
1.0	450	955.5		861.0	1011.8	1731.9	1447.0	2036.8	351070.7	300399.9	410820.1	5266.1	4506.0	6162.3
1.0	500	922.0		852.2	987.0	1464.6	1189.5	1814.8	324240.6	284168.7	367082.1	4863.6	4262.5	5506.2
1.0	550	912.5		827.2	965.8	1386.8	1114.7	1759.4	309809.2	262591.5	355512.5	4647.1	3942.9	5332.7
1.0	600	874.5		794.5	949.0	1140.5	908.1	1481.4	280621.7	230470.1	324965.1	4209.3	3459.1	4874.5
1.0	650	874.0		786.2	952.8	1063.9	824.3	1347.2	267223.2	226625.5	317806.3	4008.3	3402.3	4767.1
1.0	700	875.5		784.0	959.8	928.7	729.6	1198.3	250244.7	203970.7	298518.0	3753.7	3059.6	4477.8
1.0	750	859.0		774.0	956.0	852.3	665.1	1122.9	240874.7	195291.8	278170.4	3613.1	2931.1	4177.4
1.0	800	884.0		795.0	934.8	794.3	620.5	1031.9	239241.4	197126.4	277234.2	3592.7	2960.7	4158.5
1.0	850	903.5		797.8	963.8	721.6	572.0	940.1	228023.6	190125.9	273003.6	3423.1	2853.1	4098.1
1.0	900	901.5		820.2	964.0	623.4	493.9	815.3	217698.5	182699.2	250610.1	3265.5	2741.8	3760.2
1.0	950	912.5		848.8	973.0	621.4	496.4	820.7	219196.5	184661.9	259035.9	3289.7	2774.7	3891.6
1.0	1000	921.5		836.5	982.2	603.8	467.5	781.2	214574.9	174075.4	253304.1	3218.6	2614.6	3799.6
1.0	1050	937.5		880.0	1001.5	541.4	427.5	755.7	218436.6	177615.7	255369.6	3276.5	2664.2	3830.5
1.0	1100	944.0		872.0	1004.0	545.5	429.0	714.1	210767.0	179905.6	243414.4	3161.5	2698.6	3651.2
1.0	1150	970.0		898.0	1021.0	510.8	404.4	696.9	215182.6	178799.6	251448.5	3227.7	2684.6	3771.7
1.0	1200	979.0		909.0	1027.5	498.2	394.4	632.2	211442.0	173134.7	243799.1	3171.6	2597.0	3657.0
