# 2D Parameter Scan for Two-Radius Control (res = 75 m): Landscape Size 3000
# Nhosts = 1110; total host density = 123.33333333333333 hosts/km^-2# Kernel = <function exponential_kernel at 0x7f585799e660>; Scale Parameter = 119m # Sps Parameters = [[0.007      0.09       0.00285714 0.00053   ]
 [0.014      0.14       0.002      0.00053   ]]
# control_start = random
# ######################################################
Frac_B	N	N_a	N_b	Med_KE_A	Med_KE_B	Radius_A	Radius_B	Med_KE	Q1_KE	Q3_KE	Med_time	Q1_endtime	Q3_endtime	Med_AUDPC	Q1_AUDPC	Q3_AUDPC	Med_AUDPC_SPS	Q1_AUDPC_SPS	Q3_AUDPC_SPS	Q1_AUDPC_A	Q3_AUDPC_A	                     Med_AUDPC_A	Q1_AUDPC_B	Q3_AUDPC_B	Med_AUDPC_B
0.5	1110	555	555	551.0	554.0	0	0                             	1106.0	1104.0	1107.0	4502.0	4141.4	4879.5	678066.8	666631.6	687543.2	7967.2	7842.3	8099.2	210441.6	223094.1	216782.5	451659.2	469332.0	460231.9
0.5	1110	555	555	549.0	554.0	0	75                             	1102.0	1100.0	1104.0	4225.4	3802.2	4715.9	547069.0	536360.2	558254.0	6295.6	6177.0	6423.4	189738.3	199943.7	194973.8	344140.1	361148.2	351400.4
0.5	1110	555	555	547.0	551.0	0	150                             	1098.0	1095.0	1101.0	3560.2	3212.9	4010.7	421769.3	412064.6	431923.4	4642.0	4524.6	4766.6	175259.7	187557.3	180414.3	234110.5	249100.2	241455.6
0.5	1110	555	555	546.0	550.0	0	225                             	1097.0	1089.0	1101.0	2923.0	2597.2	3365.3	377178.4	364410.1	392998.3	4012.0	3871.6	4177.4	173144.8	190902.4	181679.9	188497.0	202932.3	196222.0
0.5	1110	555	555	544.0	546.0	0	300                             	1090.0	1079.0	1098.0	2521.3	2173.3	2997.8	367645.4	351676.9	393265.3	3857.4	3663.0	4104.3	176082.4	200423.1	186125.7	173019.4	192567.7	182473.1
0.5	1110	555	555	543.5	543.0	0	375                             	1087.0	1069.0	1098.0	2208.3	1864.5	2721.0	366380.8	342866.5	392995.8	3804.0	3573.3	4081.7	176111.4	204078.1	190220.7	165260.2	190555.4	176583.2
0.5	1110	555	555	538.0	538.5	0	450                             	1078.0	1043.8	1094.0	1912.3	1596.2	2355.6	362283.3	338669.9	391147.2	3750.5	3495.2	4046.3	172337.3	205030.8	188087.0	161693.6	189286.7	173880.8
0.5	1110	555	555	533.0	535.0	0	525                             	1067.0	1033.2	1089.0	1685.5	1322.3	2094.7	345896.9	313960.1	390964.0	3596.0	3269.1	4056.2	162974.7	202234.5	178772.8	150644.1	187738.7	166545.8
0.5	1110	555	555	523.0	523.0	0	600                             	1045.5	988.0	1082.0	1344.8	1111.2	1776.8	323863.0	296923.2	366234.1	3366.0	3081.3	3803.3	154290.2	190792.2	168616.0	142097.4	175603.3	157148.9
0.5	1110	555	555	526.5	525.5	0	675                             	1052.0	981.0	1082.8	1230.6	940.2	1602.2	314023.4	281352.8	344775.9	3260.4	2910.6	3566.6	147241.5	179436.3	163107.6	134371.5	165626.1	149720.6
0.5	1110	555	555	522.0	521.0	0	750                             	1042.0	982.2	1082.8	1031.9	820.9	1445.5	307357.4	267013.8	332895.9	3195.0	2780.4	3441.0	137194.9	172428.0	159403.9	131474.3	159697.4	148260.1
0.5	1110	555	555	515.5	518.0	0	825                             	1034.0	966.2	1081.5	935.8	691.6	1222.8	287991.5	242107.1	328896.4	2988.6	2501.6	3412.9	124763.7	171360.0	148726.0	116746.7	160861.9	139444.3
0.5	1110	555	555	522.0	523.0	0	900                             	1046.5	977.5	1087.0	863.4	641.1	1172.3	282428.9	244648.4	316993.5	2949.2	2550.0	3311.5	126649.9	162415.6	144014.1	118580.4	155786.9	137673.9
0.5	1110	555	555	522.0	521.0	0	975                             	1045.0	971.0	1085.0	748.4	574.7	1065.6	270717.8	232087.0	305841.2	2817.1	2436.2	3184.9	117902.2	157969.3	137481.2	113805.3	148673.3	132286.2
0.5	1110	555	555	546.0	552.0	75	0                             	1098.0	1094.2	1100.0	4170.0	3802.1	4675.2	499634.5	488560.2	510448.9	5652.2	5525.4	5787.3	185836.1	198110.2	191149.9	299191.7	316630.0	307769.4
0.5	1110	555	555	543.5	551.0	75	75                             	1094.0	1091.0	1097.0	3848.7	3501.7	4315.9	452696.6	443392.6	464602.3	5037.4	4919.4	5161.0	181274.7	193897.5	187697.5	258870.9	272447.6	265840.8
0.5	1110	555	555	541.0	548.0	75	150                             	1090.0	1084.0	1094.0	3383.5	3069.3	3798.7	407290.8	395353.4	417732.3	4381.2	4248.1	4488.7	181329.0	195385.6	187431.2	211311.0	225588.4	218704.4
0.5	1110	555	555	542.0	547.0	75	225                             	1089.0	1080.2	1094.0	2984.5	2602.0	3367.2	387259.5	370456.4	404673.9	4077.8	3917.4	4280.0	182235.0	201378.0	192026.5	186991.9	205958.1	194907.3
0.5	1110	555	555	541.0	545.0	75	300                             	1087.0	1076.0	1092.0	2572.9	2167.3	2952.7	382389.7	360234.0	402042.9	3975.3	3743.2	4200.3	180868.3	208440.4	196062.1	174313.9	198312.7	185638.6
0.5	1110	555	555	539.0	541.0	75	375                             	1081.0	1059.2	1092.0	2214.8	1880.1	2685.6	370160.1	346708.3	403762.8	3840.9	3611.1	4171.0	178310.5	209712.2	192356.8	166677.9	192947.1	179058.0
0.5	1110	555	555	535.0	535.0	75	450                             	1069.5	1046.0	1086.0	1910.7	1599.4	2341.1	364327.9	338152.8	398304.5	3764.1	3483.3	4120.6	174477.9	206531.8	190239.3	160407.7	190887.7	174087.6
0.5	1110	555	555	530.5	529.5	75	525                             	1059.0	1014.2	1085.8	1658.4	1362.8	2139.8	350057.4	309940.2	383273.3	3621.7	3217.0	3973.8	161851.5	200730.1	181171.9	148210.7	183365.4	167984.1
0.5	1110	555	555	523.0	522.5	75	600                             	1047.0	995.0	1074.8	1417.4	1167.9	1804.1	327971.6	295785.7	371207.0	3392.1	3059.8	3830.7	152383.8	192884.9	171379.2	142196.8	178572.5	158131.4
0.5	1110	555	555	519.0	519.0	75	675                             	1039.0	971.5	1071.8	1222.1	958.4	1644.3	318396.7	277960.1	358873.4	3310.7	2870.9	3707.5	143494.6	186241.9	164481.2	133438.4	171953.7	153263.4
0.5	1110	555	555	519.0	518.5	75	750                             	1037.5	968.2	1081.0	1137.8	868.0	1487.5	308477.0	265151.0	354962.7	3191.8	2753.8	3687.9	136357.9	184096.3	159342.7	129365.7	172335.0	149475.2
0.5	1110	555	555	516.5	518.5	75	825                             	1036.5	970.2	1076.8	927.5	688.1	1268.1	292084.1	255060.2	339449.0	3048.0	2648.3	3504.1	132196.5	174190.6	149377.6	123665.3	163255.0	141873.4
0.5	1110	555	555	515.0	518.0	75	900                             	1031.0	950.5	1083.0	789.4	628.9	1035.5	276394.5	228524.1	318543.9	2876.1	2397.1	3316.8	116439.4	167066.4	141621.4	112024.5	154196.6	134857.0
0.5	1110	555	555	523.0	523.5	75	975                             	1046.5	987.2	1086.0	797.2	621.4	1050.9	272734.3	237172.2	310614.5	2842.0	2473.5	3228.3	120528.9	159711.7	140005.6	116021.1	150088.4	133120.5
0.5	1110	555	555	537.0	545.0	150	0                             	1081.0	1074.0	1087.0	3509.5	3127.1	3962.8	404782.3	390904.4	421282.7	4311.9	4160.5	4490.9	183819.2	205023.9	192963.7	203407.3	220023.0	211351.0
0.5	1110	555	555	535.0	542.0	150	75                             	1077.0	1070.0	1084.0	3289.6	2907.7	3721.6	405721.9	384405.8	428582.8	4284.7	4076.6	4493.8	188191.3	213206.1	198950.1	195816.7	217097.9	206059.4
0.5	1110	555	555	534.5	540.0	150	150                             	1075.5	1061.2	1084.0	3049.9	2632.6	3519.4	394368.5	376282.3	419610.5	4131.2	3948.0	4377.7	188217.0	213537.9	199682.9	187524.9	206997.2	194989.4
0.5	1110	555	555	533.0	537.0	150	225                             	1070.0	1055.2	1081.0	2657.4	2280.9	3112.9	392325.5	374081.8	420652.3	4085.6	3880.4	4371.8	192116.8	217938.9	203927.5	180491.0	202770.6	190138.3
0.5	1110	555	555	530.0	534.0	150	300                             	1064.0	1042.2	1078.8	2353.8	2042.4	2817.8	384516.0	358162.6	424384.1	3977.1	3710.7	4371.7	185311.3	220271.1	199913.3	172124.1	203798.0	184011.8
0.5	1110	555	555	527.0	530.0	150	375                             	1058.5	1028.0	1078.0	2174.6	1873.5	2648.5	381471.6	347059.0	419159.2	3943.8	3604.3	4325.5	182208.9	218390.4	200086.9	165981.2	199991.6	181262.8
0.5	1110	555	555	524.5	527.5	150	450                             	1051.0	1005.2	1076.0	1919.2	1596.6	2384.3	373861.6	335439.3	410026.8	3862.6	3484.6	4236.2	173339.5	214184.6	194827.5	160363.1	195020.3	177955.8
0.5	1110	555	555	518.5	521.5	150	525                             	1040.0	983.2	1073.0	1721.6	1395.2	2096.4	350874.2	315027.0	388688.4	3639.3	3247.5	4008.5	162531.3	204685.1	180774.3	150882.3	185107.9	167924.3
0.5	1110	555	555	515.5	514.5	150	600                             	1031.0	963.0	1067.8	1422.1	1136.5	1823.2	341737.9	305336.3	379763.2	3545.9	3156.6	3932.9	158802.4	196730.4	174654.1	144774.6	182213.6	164896.2
0.5	1110	555	555	512.0	511.5	150	675                             	1025.5	959.0	1072.0	1311.4	1026.8	1656.2	321782.5	275949.5	359203.2	3343.3	2880.1	3715.4	142142.1	186313.3	166922.4	134916.0	173227.5	155519.7
0.5	1110	555	555	509.0	508.0	150	750                             	1016.0	949.0	1063.8	1123.0	850.3	1455.5	295688.0	249709.5	342538.0	3061.8	2597.2	3544.8	127690.1	176712.4	152932.4	121924.2	165322.6	142925.3
0.5	1110	555	555	512.5	511.0	150	825                             	1023.5	947.0	1070.8	1007.4	754.4	1318.1	302087.3	253140.1	336517.2	3146.5	2625.1	3511.1	131713.2	173301.9	155221.1	123190.7	163697.3	148102.7
0.5	1110	555	555	507.5	505.5	150	900                             	1014.5	955.0	1071.0	846.4	611.6	1182.4	286432.0	228018.2	334162.5	2979.3	2380.9	3468.0	115914.8	170273.9	148111.6	112272.8	162187.8	137002.5
0.5	1110	555	555	514.5	515.0	150	975                             	1031.0	942.0	1071.8	779.9	552.0	1075.2	268963.0	226506.1	314059.6	2814.9	2349.6	3257.4	115961.5	161517.2	136447.9	110480.0	151654.9	132612.5
0.5	1110	555	555	530.0	534.0	225	0                             	1063.5	1044.0	1077.0	2864.2	2461.7	3470.8	388358.7	359756.7	422661.8	4058.5	3754.1	4413.7	183379.4	216032.2	200719.3	175487.8	205176.5	188229.4
0.5	1110	555	555	528.0	531.0	225	75                             	1059.5	1036.2	1073.8	2734.7	2319.9	3354.3	392619.9	359818.9	427924.0	4070.7	3751.5	4463.8	183752.8	221693.0	200943.3	175164.2	207359.2	188881.4
0.5	1110	555	555	526.0	528.0	225	150                             	1054.0	1031.2	1071.8	2494.6	2160.9	2969.1	389066.7	362871.3	425745.6	4024.3	3771.5	4422.6	186488.3	219541.1	202629.3	175543.3	205620.5	187608.8
0.5	1110	555	555	519.5	522.0	225	225                             	1042.5	1002.0	1065.0	2295.4	1937.6	2760.9	377513.9	351114.9	420187.4	3930.1	3646.0	4342.1	181752.1	219457.1	198085.7	168375.4	201294.2	181092.9
0.5	1110	555	555	515.0	516.0	225	300                             	1031.0	993.0	1057.8	2057.7	1691.0	2570.4	375260.3	340895.5	410881.1	3869.4	3534.9	4264.2	175045.4	214322.9	194886.6	164225.1	197558.9	178072.4
0.5	1110	555	555	509.0	511.5	225	375                             	1021.0	977.2	1050.8	1907.7	1583.3	2311.3	370103.2	324864.6	414898.1	3819.9	3375.4	4285.3	169865.4	217889.8	191667.5	157729.4	199562.3	176804.8
0.5	1110	555	555	501.0	501.0	225	450                             	1004.0	931.0	1048.0	1679.4	1366.6	2117.0	347678.3	305453.9	389327.2	3591.0	3198.5	4004.6	154354.0	205856.5	181813.2	146568.6	183753.8	166595.7
0.5	1110	555	555	500.0	499.5	225	525                             	999.0	936.2	1047.0	1578.2	1284.4	1971.6	339673.9	297540.8	385258.8	3513.2	3077.9	3982.4	154581.9	202840.3	175172.8	143650.7	185417.3	162946.7
0.5	1110	555	555	494.0	495.5	225	600                             	993.0	901.2	1041.0	1390.0	1105.0	1835.5	320314.7	269270.6	360172.0	3319.1	2813.4	3753.5	139178.2	188050.4	165394.9	130133.0	174914.3	153704.1
0.5	1110	555	555	484.0	487.5	225	675                             	971.5	890.8	1033.0	1219.7	884.9	1571.7	292515.0	249357.5	335183.3	3050.7	2575.1	3495.5	127034.7	172278.8	150919.4	119447.8	162513.0	141881.3
0.5	1110	555	555	494.0	495.0	225	750                             	987.5	892.2	1032.8	1095.5	792.8	1462.3	287371.4	229728.8	331108.9	2996.0	2392.3	3442.0	119154.2	171457.5	146261.7	112251.6	161680.5	139653.7
0.5	1110	555	555	496.0	494.0	225	825                             	992.5	914.0	1054.8	994.8	750.8	1318.0	290479.1	237945.2	334608.0	3039.7	2479.8	3485.7	120791.3	173523.9	150477.5	116401.6	161127.8	141788.5
0.5	1110	555	555	500.5	502.5	225	900                             	1004.0	917.5	1057.8	922.9	656.8	1167.7	275926.6	231301.4	321404.8	2885.4	2406.8	3369.7	118426.4	163735.4	142159.4	113019.6	157066.4	135718.7
0.5	1110	555	555	503.0	505.0	225	975                             	1007.5	932.0	1059.0	804.8	572.4	1100.2	270494.1	221877.1	326154.9	2820.4	2323.8	3364.0	111010.3	166125.2	138453.9	109545.4	157238.7	131778.7
0.5	1110	555	555	504.5	506.0	300	0                             	1008.5	946.0	1051.0	2245.7	1889.7	2825.1	352647.9	318053.2	404307.7	3642.8	3276.0	4183.6	162071.4	210023.7	183031.7	150463.2	192341.3	170111.9
0.5	1110	555	555	505.0	511.5	300	75                             	1016.0	960.0	1048.8	2142.1	1792.9	2617.5	359195.7	321180.2	396869.9	3716.3	3330.5	4117.4	166579.8	204423.9	187198.0	153571.0	190978.2	173496.8
0.5	1110	555	555	500.0	504.0	300	150                             	1003.5	943.2	1040.8	2027.4	1659.9	2459.8	350034.6	313278.6	395675.7	3650.7	3251.2	4088.3	160596.0	205460.2	180645.3	151463.1	189325.5	169020.4
0.5	1110	555	555	495.5	498.5	300	225                             	991.0	933.0	1030.5	1832.9	1502.9	2256.0	341647.5	307474.6	389745.8	3519.4	3158.4	4024.4	158455.8	204652.5	177606.8	145977.1	186091.8	162509.0
0.5	1110	555	555	492.5	493.0	300	300                             	986.0	916.5	1027.0	1714.0	1389.6	2085.2	335340.1	295923.1	389349.9	3503.8	3052.3	4016.3	153202.9	203723.1	173829.6	142045.9	184240.8	162465.3
0.5	1110	555	555	479.5	480.0	300	375                             	960.5	884.5	1013.0	1505.6	1265.6	1827.4	316752.7	272489.2	357800.3	3287.4	2801.8	3720.7	138524.9	186898.9	162243.1	130700.3	173562.0	152418.0
0.5	1110	555	555	476.0	475.0	300	450                             	949.0	871.2	1014.5	1420.1	1164.3	1737.0	304804.1	258452.7	338182.9	3163.4	2689.9	3507.8	133491.0	175193.1	156685.2	125026.6	163396.7	145975.0
0.5	1110	555	555	467.0	467.0	300	525                             	930.0	844.0	1000.8	1302.9	1048.5	1563.8	288217.4	241854.6	338169.0	3014.4	2512.2	3517.3	123663.6	175851.2	147769.1	118163.2	163096.9	141404.8
0.5	1110	555	555	472.0	472.0	300	600                             	943.5	858.8	1003.5	1158.0	922.6	1492.2	275834.6	232604.5	322133.2	2885.1	2429.8	3310.1	119880.4	165888.8	141287.1	112138.9	155455.4	135219.5
0.5	1110	555	555	474.0	475.0	300	675                             	949.0	840.5	1013.8	1087.9	824.4	1389.2	271692.0	219750.9	311997.7	2815.2	2294.6	3232.1	112642.1	160298.5	138604.1	105830.2	151303.1	131150.6
0.5	1110	555	555	466.5	466.5	300	750                             	933.5	845.0	997.8	977.7	729.3	1277.8	259393.3	220312.6	312416.7	2704.5	2275.9	3239.8	109850.2	158685.8	134155.5	105537.1	150467.4	127331.1
0.5	1110	555	555	478.5	477.5	300	825                             	956.0	864.2	1018.8	908.7	674.3	1205.0	250534.0	214849.6	300458.1	2617.0	2250.7	3129.8	110191.8	152937.1	128133.7	105064.4	147199.7	123738.0
0.5	1110	555	555	485.0	487.0	300	900                             	971.5	895.5	1039.2	832.3	618.8	1112.8	258210.4	210069.0	302931.9	2688.5	2188.5	3160.4	108102.7	154088.7	131682.6	102873.9	148227.6	126812.8
0.5	1110	555	555	492.0	490.0	300	975                             	981.0	912.5	1032.0	764.1	590.0	1054.7	257433.4	209565.4	303555.8	2679.1	2185.0	3150.4	105882.3	154597.2	129705.4	100818.2	148151.0	125286.3
0.5	1110	555	555	485.0	485.5	375	0                             	969.5	892.2	1028.0	1698.0	1292.0	2165.6	312430.2	267415.6	352577.0	3238.0	2786.9	3643.9	135855.2	184701.0	159915.8	130253.5	169532.0	151625.1
0.5	1110	555	555	482.0	482.5	375	75                             	960.5	882.5	1024.0	1600.4	1261.9	1993.2	309550.0	266036.8	344938.8	3198.5	2757.9	3589.1	137016.6	179533.9	160591.1	130944.5	167384.2	147453.2
0.5	1110	555	555	475.5	475.5	375	150                             	949.0	856.0	1008.0	1474.6	1190.9	1896.4	298216.0	254732.4	345634.4	3080.1	2622.5	3582.1	131933.0	180291.9	153357.9	122997.7	166857.3	144565.4
0.5	1110	555	555	472.0	469.0	375	225                             	935.5	834.5	1004.2	1430.7	1164.6	1831.0	291124.1	238535.8	336474.2	3017.1	2470.7	3493.1	121878.6	174935.0	150412.3	116071.5	162548.9	140620.2
0.5	1110	555	555	462.0	464.0	375	300                             	923.0	843.2	993.5	1334.2	1040.4	1764.5	289867.0	241681.9	333021.4	3012.9	2521.3	3451.0	124719.2	171626.1	149768.8	117855.0	160639.1	140939.4
0.5	1110	555	555	455.0	454.5	375	375                             	909.5	826.2	981.8	1267.5	974.8	1649.3	275219.9	230441.3	320114.6	2860.0	2406.9	3347.9	118424.3	165967.1	141700.2	110569.7	154753.7	133341.0
0.5	1110	555	555	452.0	450.5	375	450                             	897.5	809.2	984.0	1147.3	923.8	1443.2	265779.2	217621.4	316874.0	2777.0	2270.2	3296.4	112573.4	163523.1	136666.0	105737.5	154844.6	129714.1
0.5	1110	555	555	454.0	452.0	375	525                             	906.5	829.8	983.8	1127.2	866.8	1445.3	259101.4	216258.3	306858.0	2713.8	2245.2	3174.3	110943.0	155846.0	133472.9	104187.4	148293.2	126099.5
0.5	1110	555	555	458.0	456.5	375	600                             	914.5	813.2	992.0	1014.6	776.6	1307.8	254962.0	205623.7	291587.5	2667.4	2143.5	3041.5	105648.2	151354.1	129840.0	99642.3	142132.8	122931.3
0.5	1110	555	555	445.0	447.5	375	675                             	891.5	796.2	977.0	937.7	720.6	1219.5	235798.8	196981.0	284541.1	2453.7	2053.1	2982.3	101020.3	145340.3	120305.5	96622.4	138539.0	114901.5
0.5	1110	555	555	460.0	462.0	375	750                             	925.5	838.0	980.2	852.5	656.3	1141.0	237019.4	201818.0	282392.7	2483.0	2085.7	2934.2	102951.3	143776.9	121848.5	96801.7	139689.4	115300.7
0.5	1110	555	555	463.0	461.5	375	825                             	923.5	832.2	994.8	802.4	574.7	1108.8	231597.7	186846.5	278133.5	2412.7	1952.9	2886.6	93874.3	143156.0	119933.2	90312.3	135585.6	113078.7
0.5	1110	555	555	475.5	472.5	375	900                             	950.0	857.5	1005.0	754.0	538.1	1004.0	231956.9	192317.9	277357.6	2425.5	2022.4	2861.0	96991.6	142196.8	118209.1	95213.7	134187.7	113363.1
0.5	1110	555	555	475.0	476.0	375	975                             	950.5	842.0	1023.8	757.8	541.3	997.1	229956.8	181651.0	283673.2	2402.5	1892.3	2975.4	91519.7	145085.5	117314.4	88499.8	139008.3	113033.3
0.5	1110	555	555	460.0	460.5	450	0                             	922.0	848.0	989.8	1177.8	931.1	1573.6	260372.7	217635.9	308350.1	2697.3	2271.6	3207.2	111998.0	161732.4	134642.3	107225.3	147019.5	126120.4
0.5	1110	555	555	461.5	464.0	450	75                             	926.0	832.5	990.5	1173.6	913.1	1534.3	266469.7	217867.2	306219.7	2775.8	2288.7	3183.4	111797.3	158326.0	137402.2	109168.0	147655.5	128591.4
0.5	1110	555	555	455.0	459.5	450	150                             	913.0	829.2	996.0	1238.9	927.8	1523.1	261244.0	210034.0	308547.5	2713.6	2182.1	3203.9	107081.3	159478.0	134908.9	102675.1	148099.9	126688.6
0.5	1110	555	555	449.5	451.0	450	225                             	902.5	817.5	986.8	1115.6	889.7	1386.7	248053.9	207997.5	302589.1	2587.5	2168.6	3141.3	106075.8	156290.4	128429.4	100838.7	146329.6	120916.6
0.5	1110	555	555	446.5	447.0	450	300                             	892.5	795.0	966.5	1136.2	835.9	1500.5	249647.6	205435.4	299642.7	2603.6	2142.1	3113.0	105289.5	154941.6	129544.7	100639.7	144304.6	120790.6
0.5	1110	555	555	439.5	437.0	450	375                             	877.5	796.0	960.8	981.1	786.8	1280.7	230001.8	195871.5	275960.7	2394.6	2051.4	2867.8	99383.1	140616.8	119460.2	95102.7	135308.4	113425.9
0.5	1110	555	555	445.0	444.0	450	450                             	890.5	806.5	970.0	957.0	759.2	1274.2	237683.1	200775.7	289875.5	2475.7	2090.9	3024.8	101764.3	145177.3	123131.6	96513.6	141763.3	115510.6
0.5	1110	555	555	435.0	442.5	450	525                             	875.5	790.2	954.5	890.9	676.9	1116.5	220400.6	178118.8	261986.9	2301.5	1874.5	2740.8	90277.9	133308.6	113063.2	88740.9	130273.4	108334.0
0.5	1110	555	555	428.0	433.5	450	600                             	869.5	758.8	954.0	842.2	602.5	1158.2	216630.3	173605.2	264493.7	2263.6	1809.2	2740.6	87340.5	135733.3	109440.7	84007.5	127934.7	104967.3
0.5	1110	555	555	428.0	433.0	450	675                             	861.5	778.0	944.5	786.7	570.5	1012.0	205666.1	165781.8	243694.0	2148.2	1718.7	2561.2	84641.2	125012.1	105180.2	81262.2	121025.2	100012.4
0.5	1110	555	555	446.0	446.5	450	750                             	892.0	808.2	980.2	750.1	577.0	1003.5	213942.9	173204.9	258029.6	2248.4	1799.7	2686.3	87511.8	131628.5	108764.1	85325.6	125658.9	104882.4
0.5	1110	555	555	455.0	458.0	450	825                             	910.5	830.5	984.0	720.9	540.9	914.8	213666.7	171525.4	253147.7	2225.1	1807.9	2654.7	87600.0	128747.4	108625.0	85485.7	124012.0	104708.2
0.5	1110	555	555	459.5	460.0	450	900                             	917.0	835.2	992.0	671.4	473.5	857.1	209159.1	164382.0	247164.2	2177.5	1716.0	2571.2	83797.5	125938.0	106169.6	80464.1	120335.5	102718.9
0.5	1110	555	555	463.5	463.0	450	975                             	928.0	836.0	999.8	666.2	486.9	918.2	204846.6	164489.4	244034.5	2148.1	1719.5	2556.2	84227.8	124631.1	104486.5	80612.0	119715.7	101523.0
0.5	1110	555	555	448.0	449.0	525	0                             	896.0	809.0	976.8	917.5	717.6	1235.6	227081.9	184326.7	277389.9	2365.9	1922.3	2901.4	94424.8	143340.7	117072.7	89920.9	135385.1	110239.3
0.5	1110	555	555	463.5	464.5	525	75                             	928.0	843.2	1001.2	961.6	717.3	1252.2	235178.2	193749.7	280047.9	2446.6	2024.9	2923.0	100206.9	146071.2	119443.9	93466.2	137428.5	114716.6
0.5	1110	555	555	460.5	463.0	525	150                             	925.0	820.2	984.2	930.4	672.9	1217.4	228747.7	183694.0	278632.4	2394.0	1892.6	2908.6	92602.8	141128.0	116537.9	88878.0	135492.9	111662.0
0.5	1110	555	555	443.5	444.0	525	225                             	889.5	790.2	961.0	910.4	713.6	1216.9	218232.5	180623.5	268287.1	2288.3	1902.8	2783.7	90792.2	136947.2	111183.2	90348.9	129631.8	108515.6
0.5	1110	555	555	457.5	455.5	525	300                             	913.0	813.5	981.0	904.2	666.0	1165.0	231095.5	191771.4	268051.1	2417.7	1988.4	2810.0	95699.8	138572.7	118357.2	92108.6	131311.1	113352.9
0.5	1110	555	555	451.0	451.0	525	375                             	904.5	821.2	966.8	878.2	670.9	1118.1	226013.7	182788.9	268357.9	2358.3	1926.7	2806.8	91683.1	138504.5	115419.4	89895.2	131574.7	110899.3
0.5	1110	555	555	439.0	439.5	525	450                             	881.5	800.0	958.0	782.5	591.7	1000.6	212535.5	171604.3	247154.1	2217.7	1783.6	2581.4	87565.1	126421.6	108854.3	84150.3	121570.8	103585.1
0.5	1110	555	555	443.0	442.0	525	525                             	881.0	799.2	970.8	749.7	562.9	1041.3	210861.3	160734.9	249557.0	2197.4	1693.8	2576.5	81448.5	127540.7	106498.0	79659.6	120073.3	103524.8
0.5	1110	555	555	436.5	440.0	525	600                             	873.5	782.8	954.8	751.3	548.6	966.5	201258.5	166173.6	248879.8	2102.3	1755.4	2601.1	83015.9	125846.6	102593.9	81658.0	122320.6	99415.8
0.5	1110	555	555	444.0	443.5	525	675                             	888.0	790.5	966.0	703.0	518.0	886.5	197631.0	160134.8	234610.0	2063.3	1666.9	2457.8	80863.8	121421.9	98580.2	78492.1	115901.6	98176.5
0.5	1110	555	555	444.0	440.0	525	750                             	879.0	806.2	969.8	654.4	486.3	853.6	196341.4	157760.4	230840.3	2046.8	1642.8	2421.7	79835.8	117457.4	99171.4	77428.3	113356.2	96528.8
0.5	1110	555	555	452.0	453.5	525	825                             	903.0	790.2	974.8	617.9	458.8	799.8	196419.1	157169.2	232486.5	2056.0	1653.1	2429.5	79966.8	117671.5	99060.0	76993.8	113603.7	96793.8
0.5	1110	555	555	458.0	453.5	525	900                             	911.0	815.0	986.0	567.2	433.9	731.4	195112.6	155108.9	229493.1	2046.4	1627.0	2408.9	78451.0	117164.3	100961.0	76940.8	114237.6	96488.2
0.5	1110	555	555	461.0	460.5	525	975                             	920.0	831.2	997.0	565.7	428.7	782.9	188926.5	154138.9	234641.8	1961.7	1609.2	2449.9	77885.0	117971.3	96653.9	75411.7	116672.0	92908.0
0.5	1110	555	555	457.0	453.5	600	0                             	911.5	817.0	989.0	738.6	576.9	1007.0	207594.6	164580.5	256500.9	2169.8	1720.0	2691.7	82847.2	131152.3	104751.3	80747.8	125593.6	102315.6
0.5	1110	555	555	450.0	448.5	600	75                             	897.0	815.0	976.5	780.9	549.6	1091.1	206062.3	168110.5	242561.8	2142.7	1747.2	2517.5	84348.7	124185.2	104227.0	82063.1	118263.3	100218.0
0.5	1110	555	555	454.0	454.0	600	150                             	905.0	825.2	987.0	756.7	543.2	1082.1	207917.3	166428.9	255058.9	2167.0	1726.4	2660.0	83866.2	129017.7	106329.9	81640.4	124480.2	102552.4
0.5	1110	555	555	452.0	452.5	600	225                             	904.0	810.8	976.2	728.2	538.6	1012.2	205047.2	168523.8	245942.5	2137.4	1761.4	2569.0	85257.5	123762.2	103429.1	83160.5	119270.8	100018.6
0.5	1110	555	555	459.0	460.5	600	300                             	921.0	835.0	993.0	695.8	540.4	971.2	205319.1	172106.2	252858.4	2147.2	1793.7	2631.5	85745.4	127606.7	104758.5	84561.1	121506.4	100867.3
0.5	1110	555	555	443.5	445.5	600	375                             	889.0	795.2	968.0	652.0	501.5	908.9	193434.8	159035.5	238857.8	2026.1	1655.1	2489.8	79690.1	123213.2	97195.4	76487.2	116683.1	95213.9
0.5	1110	555	555	444.0	443.0	600	450                             	886.0	789.8	969.8	636.9	473.9	844.8	191920.9	150769.5	232731.2	2003.1	1580.2	2432.2	77242.9	117943.1	97056.5	74828.8	113285.8	93100.6
0.5	1110	555	555	446.5	444.5	600	525                             	891.5	815.2	964.0	659.3	504.7	850.8	195149.0	152636.0	234555.6	2026.5	1593.9	2431.4	76905.7	120198.2	99590.1	74476.7	114149.0	94320.3
0.5	1110	555	555	442.5	445.5	600	600                             	892.0	802.2	958.8	675.2	491.7	834.9	191060.2	154849.0	225659.3	2002.0	1607.8	2345.0	78297.8	116673.6	97686.9	75326.7	110323.0	93977.8
0.5	1110	555	555	450.5	453.5	600	675                             	905.0	808.0	958.0	628.7	449.4	829.7	192140.2	149992.2	225579.6	2014.9	1565.3	2352.6	74785.7	114008.0	96919.8	73233.2	109724.3	94435.1
0.5	1110	555	555	443.0	447.0	600	750                             	892.0	817.2	972.8	557.1	392.3	722.4	181298.6	144279.8	221412.8	1896.7	1513.3	2306.5	73175.8	111542.1	91687.7	71071.2	107939.8	90066.7
0.5	1110	555	555	448.5	450.0	600	825                             	899.5	825.0	969.5	538.6	394.7	737.8	182104.3	152837.2	212383.3	1893.7	1583.4	2226.6	77482.0	107727.8	91694.2	74274.8	105138.7	89975.1
0.5	1110	555	555	462.0	457.5	600	900                             	920.0	837.5	984.5	525.0	392.4	691.4	183613.6	145468.7	216879.4	1907.8	1506.9	2275.0	74345.8	110929.3	92125.6	69800.2	107115.4	89091.1
0.5	1110	555	555	459.5	461.5	600	975                             	922.0	836.2	995.8	542.4	383.7	713.5	180263.5	146650.2	219736.3	1892.0	1531.1	2293.3	74372.4	110542.3	90950.8	70506.8	108017.8	89132.7
0.5	1110	555	555	470.0	474.0	675	0                             	947.5	857.2	992.8	661.1	495.3	899.0	197158.4	168773.5	230503.5	2049.5	1774.7	2418.1	84927.2	117621.0	100798.8	82735.1	113966.2	97564.3
0.5	1110	555	555	462.5	463.0	675	75                             	926.5	832.0	997.5	639.0	465.6	913.5	199586.2	158668.4	241389.4	2096.1	1638.0	2502.8	81705.9	122825.5	101484.8	76107.4	117393.1	99331.5
0.5	1110	555	555	458.0	458.5	675	150                             	915.5	830.2	979.8	643.4	451.7	902.8	193523.8	159128.7	236376.0	2022.0	1658.9	2465.6	80671.3	117630.6	97218.1	77896.4	116304.6	94450.9
0.5	1110	555	555	457.0	461.0	675	225                             	917.0	836.2	992.8	615.4	454.0	824.8	188761.7	155766.4	227902.5	1972.1	1630.1	2388.6	79041.7	115362.5	95201.3	76895.3	112187.8	93075.9
0.5	1110	555	555	453.0	456.0	675	300                             	908.0	833.2	982.8	578.4	435.0	809.9	189839.9	146386.9	235532.8	1988.4	1527.8	2454.4	74982.0	120578.7	96466.8	72325.7	114412.6	93635.6
0.5	1110	555	555	457.5	455.5	675	375                             	916.0	814.2	978.8	621.7	461.1	781.1	187538.4	151319.5	229054.5	1956.3	1575.5	2388.7	76847.7	115613.2	94752.1	73571.8	112186.0	91669.0
0.5	1110	555	555	449.0	451.0	675	450                             	898.5	823.0	972.0	562.1	428.3	779.2	183430.1	146958.5	219401.8	1914.0	1545.7	2288.0	73581.4	111241.3	92771.9	72413.4	107976.4	89247.6
0.5	1110	555	555	455.0	454.0	675	525                             	912.0	827.8	976.8	604.6	434.3	784.5	186288.8	147058.4	223728.8	1955.8	1521.6	2333.0	75764.6	113049.5	93999.2	71708.8	109676.5	91276.3
0.5	1110	555	555	453.5	453.0	675	600                             	904.5	832.2	974.8	532.2	389.3	735.3	176682.1	143464.7	211508.1	1858.2	1506.4	2218.1	72613.3	108094.6	90275.1	70757.2	104366.2	88564.2
0.5	1110	555	555	454.5	456.0	675	675                             	907.0	826.5	973.5	532.0	387.1	717.5	176763.2	149031.5	210047.5	1844.3	1565.3	2192.1	74731.5	106963.0	91158.5	73575.1	102738.5	87595.5
0.5	1110	555	555	459.0	463.0	675	750                             	918.5	836.0	987.8	505.4	369.7	703.0	176361.9	141444.1	211219.3	1840.1	1483.8	2214.9	71338.3	106345.5	89289.7	69978.8	105611.4	85957.0
0.5	1110	555	555	460.0	462.0	675	825                             	918.0	825.0	981.8	486.3	367.5	636.1	174264.7	140120.0	207436.5	1817.2	1466.0	2183.2	70959.2	104130.4	88117.3	69216.0	104055.1	85603.9
0.5	1110	555	555	466.0	462.0	675	900                             	930.0	857.5	1000.8	472.0	369.6	679.2	177579.1	143712.2	211742.9	1858.3	1492.6	2215.3	73142.5	108323.6	90025.5	70387.0	104038.0	86210.2
0.5	1110	555	555	468.5	469.5	675	975                             	936.5	859.2	1008.8	461.9	349.8	644.2	171668.2	136897.9	214159.1	1792.7	1444.7	2237.9	69725.5	109231.3	87453.4	68202.4	103864.2	84708.0
0.5	1110	555	555	466.0	472.0	750	0                             	938.0	860.5	1010.0	502.7	372.1	664.8	182893.4	149588.8	219642.4	1908.3	1564.6	2281.9	75305.1	109485.8	92467.4	73298.6	107490.1	91035.2
0.5	1110	555	555	474.0	475.0	750	75                             	944.5	870.5	1012.8	540.4	394.4	787.2	191028.8	152004.1	224133.5	1997.4	1593.6	2337.3	76758.5	115642.0	95316.3	75356.3	109790.0	93653.0
0.5	1110	555	555	462.5	461.5	750	150                             	927.0	834.2	1006.0	523.8	378.1	703.6	172064.8	143219.9	211323.7	1807.0	1496.5	2197.5	72339.3	107100.8	88556.4	69489.4	103013.9	85407.5
0.5	1110	555	555	470.0	470.0	750	225                             	939.0	883.0	1000.0	560.2	391.0	779.5	181907.8	151614.9	221507.3	1909.5	1576.3	2332.4	76754.0	111915.9	92799.6	74004.4	109737.1	89156.0
0.5	1110	555	555	465.0	466.5	750	300                             	931.0	859.0	1007.0	529.5	397.0	742.5	184431.6	148479.5	217988.8	1938.9	1564.3	2296.5	74747.6	110815.8	92914.3	74097.9	109050.7	90905.6
0.5	1110	555	555	471.0	470.5	750	375                             	941.5	860.2	1003.0	535.6	406.3	739.8	185209.4	145264.2	224939.4	1932.4	1525.0	2345.2	72514.3	114730.4	94812.0	72224.6	112375.5	89912.3
0.5	1110	555	555	466.0	465.0	750	450                             	929.5	833.0	989.0	523.8	405.8	697.3	176227.0	146038.8	210656.1	1839.5	1533.8	2218.3	72878.6	106230.6	89129.6	71582.1	103762.5	86906.7
0.5	1110	555	555	461.0	461.5	750	525                             	924.0	843.0	987.0	475.8	373.9	699.2	167884.3	134852.5	204759.8	1759.2	1414.4	2139.0	67968.0	103810.8	84360.8	66666.8	101175.4	83620.9
0.5	1110	555	555	455.0	462.0	750	600                             	917.0	840.0	977.8	485.4	379.7	623.6	169362.9	137216.4	200911.6	1759.9	1440.0	2085.5	69108.4	101339.4	84459.5	68853.6	97802.8	83859.1
0.5	1110	555	555	466.0	461.5	750	675                             	929.0	854.0	991.8	459.0	341.3	618.1	164328.1	131498.7	206061.5	1721.4	1369.5	2164.0	66553.8	104218.8	83718.2	64417.4	101031.6	81359.6
0.5	1110	555	555	467.0	464.5	750	750                             	928.5	855.8	995.0	458.3	347.4	671.4	168878.5	140216.3	197708.8	1758.9	1457.6	2084.7	70283.8	99219.4	85110.3	67752.9	99203.2	82418.9
0.5	1110	555	555	476.0	473.5	750	825                             	951.0	844.5	1009.0	440.9	346.4	608.5	167451.4	137441.8	201578.3	1756.9	1440.8	2095.2	69034.8	102494.3	84411.9	67206.5	98331.8	83297.4
0.5	1110	555	555	467.0	470.0	750	900                             	930.5	861.2	1006.5	468.1	345.5	596.0	167760.3	139862.9	199785.4	1756.1	1455.3	2091.8	69803.9	100861.4	85814.6	69747.6	98699.6	83353.6
0.5	1110	555	555	478.5	479.0	750	975                             	956.0	872.0	1017.5	395.4	310.3	546.4	164223.9	134622.6	198810.9	1716.1	1416.2	2073.7	67545.2	100714.7	82388.0	66796.9	98016.6	81248.1
0.5	1110	555	555	486.0	488.5	825	0                             	973.5	911.0	1033.8	490.6	368.8	683.0	185874.3	146156.4	222036.2	1942.2	1545.4	2314.0	72915.8	111169.0	94349.3	72536.0	108572.1	92309.8
0.5	1110	555	555	482.5	484.5	825	75                             	964.5	875.0	1032.8	482.6	353.7	640.9	180377.8	139887.4	209729.0	1883.4	1462.9	2195.3	71726.2	106987.7	90846.7	68785.2	103888.6	87960.0
0.5	1110	555	555	478.5	480.0	825	150                             	959.0	888.0	1029.5	498.1	356.5	693.1	176848.3	142429.0	216220.6	1847.7	1502.6	2261.1	70964.2	109441.9	90894.8	71161.8	106885.4	86946.4
0.5	1110	555	555	480.5	478.0	825	225                             	958.0	869.5	1017.2	475.6	336.6	658.5	169760.6	138268.9	207115.1	1764.3	1441.9	2163.8	70027.3	104693.3	85834.4	67740.2	102524.0	83028.3
0.5	1110	555	555	480.0	479.5	825	300                             	956.5	884.2	1018.5	449.5	348.6	612.3	169893.9	137387.9	205858.6	1781.1	1431.5	2154.8	68838.6	103606.5	85545.7	68520.3	101196.9	84627.4
0.5	1110	555	555	481.0	479.0	825	375                             	957.0	883.2	1021.8	463.5	337.4	640.2	173073.5	140500.8	205790.3	1802.5	1477.4	2138.6	70371.9	104552.4	87854.0	69993.2	101187.3	85235.3
0.5	1110	555	555	470.0	471.0	825	450                             	940.0	876.0	1012.5	439.0	322.4	592.8	169202.8	145005.9	207112.8	1770.3	1513.8	2160.5	72467.2	105272.1	86012.4	70965.6	101408.9	83966.8
0.5	1110	555	555	478.0	479.5	825	525                             	958.5	873.0	1013.8	473.9	359.1	609.8	173421.6	138077.2	203073.9	1804.9	1450.5	2132.1	69134.0	102752.3	87232.0	68826.4	101399.2	85225.2
0.5	1110	555	555	477.0	478.0	825	600                             	957.0	889.0	1030.0	457.2	344.3	597.7	171486.0	136339.1	202436.7	1789.1	1435.3	2112.4	69230.2	102429.0	86863.2	66898.1	99156.2	83757.9
0.5	1110	555	555	484.5	481.5	825	675                             	963.5	895.2	1017.2	445.9	330.6	604.8	168767.4	137153.9	195454.5	1755.1	1429.7	2043.6	69122.3	99443.2	86136.5	67695.9	96297.5	82302.9
0.5	1110	555	555	469.0	470.5	825	750                             	940.0	866.2	999.0	409.6	300.0	538.3	155829.8	127038.4	188635.4	1631.9	1333.6	1977.2	63816.3	94464.1	78747.0	63502.1	93325.1	77075.7
0.5	1110	555	555	477.0	481.0	825	825                             	959.0	878.5	1014.8	420.7	309.4	595.6	164546.9	129066.6	197691.6	1713.7	1342.0	2063.0	64905.0	98948.3	83513.1	63657.0	96977.1	81439.9
0.5	1110	555	555	475.5	477.0	825	900                             	954.5	884.5	1002.8	398.6	306.4	555.7	163430.1	129707.0	192709.2	1716.4	1358.5	2014.1	65174.3	98310.9	82908.8	64887.3	95260.8	81066.5
0.5	1110	555	555	481.5	482.5	825	975                             	964.0	902.0	1032.0	391.6	291.2	535.7	162803.1	133275.5	196192.2	1704.9	1389.4	2051.3	66233.9	100319.3	82198.7	65152.8	96924.9	80871.8
0.5	1110	555	555	495.0	497.0	900	0                             	992.0	928.0	1038.8	429.4	310.8	587.1	170703.4	144983.8	204752.0	1788.3	1528.0	2142.2	72649.7	103254.7	86066.3	71478.9	101205.5	84232.4
0.5	1110	555	555	500.0	501.0	900	75                             	1000.5	941.0	1040.8	446.4	332.4	609.7	177457.8	146997.6	206950.6	1850.4	1555.5	2171.4	74547.8	105254.4	90261.3	73620.1	102703.7	88337.2
0.5	1110	555	555	495.5	492.5	900	150                             	986.0	913.0	1042.8	445.3	319.6	602.4	176391.6	140655.0	199746.6	1850.5	1482.8	2108.5	70833.3	100897.0	87992.7	70095.4	98918.2	87822.2
0.5	1110	555	555	494.0	494.0	900	225                             	988.5	904.2	1046.8	429.7	317.9	587.2	174785.9	137767.2	209154.6	1819.5	1445.0	2190.5	69738.0	105718.7	89591.8	68321.4	103478.3	86258.7
0.5	1110	555	555	484.5	484.0	900	300                             	970.0	893.5	1043.2	410.7	314.9	559.2	165212.1	133621.1	203196.9	1726.0	1397.7	2133.4	67250.7	103238.6	84025.6	66104.9	100481.1	81695.2
0.5	1110	555	555	490.5	489.0	900	375                             	979.0	905.2	1034.8	432.7	323.5	606.7	164543.0	136673.0	196999.5	1727.3	1435.3	2055.3	69157.4	100463.5	82708.3	67881.6	96836.2	81799.4
0.5	1110	555	555	479.0	481.0	900	450                             	963.0	899.2	1031.8	389.1	297.7	581.2	161127.0	136919.5	196276.6	1685.7	1431.9	2067.4	69063.0	100188.4	81338.1	67979.2	97396.6	79445.1
0.5	1110	555	555	482.0	482.0	900	525                             	965.5	901.0	1034.8	411.9	301.2	580.1	158210.5	132662.6	189996.9	1653.2	1380.6	1988.1	66823.2	95933.9	80203.6	64415.4	93537.2	78238.6
0.5	1110	555	555	477.0	479.5	900	600                             	956.5	881.2	1022.8	399.1	293.4	529.3	155009.8	120561.5	191597.0	1627.7	1263.3	2008.2	61857.8	96810.6	77081.6	59591.6	94788.8	77213.1
0.5	1110	555	555	491.0	490.0	900	675                             	984.0	902.2	1038.5	407.4	302.1	553.4	164858.6	135608.3	194771.3	1725.7	1416.9	2036.5	68348.1	98683.5	83245.3	66259.2	96895.2	81453.2
0.5	1110	555	555	494.0	492.0	900	750                             	985.5	911.2	1033.8	393.9	285.4	533.2	158874.2	129455.0	193793.5	1662.2	1350.9	2030.4	66220.9	97266.2	79773.3	64798.2	95647.0	78941.6
0.5	1110	555	555	496.0	496.0	900	825                             	993.0	902.8	1046.8	372.1	279.4	490.6	161165.7	131617.5	191440.7	1681.3	1374.2	2003.4	66134.4	97109.7	81940.7	64966.4	93856.8	79085.9
0.5	1110	555	555	487.5	488.5	900	900                             	979.5	913.0	1032.8	394.4	283.2	544.7	159721.3	126546.7	185930.3	1676.8	1327.3	1936.0	63614.4	93844.0	80106.8	63182.9	91342.1	79118.0
0.5	1110	555	555	494.5	496.0	900	975                             	988.5	902.5	1040.8	357.8	273.0	480.9	157925.4	127961.4	185641.5	1646.4	1337.3	1941.8	64547.5	94771.0	79819.3	62812.4	91930.0	78075.9
0.5	1110	555	555	506.5	505.0	975	0                             	1013.0	937.0	1061.0	398.2	304.2	544.6	165832.8	138331.3	201270.4	1736.3	1450.0	2102.8	69194.4	100878.9	84159.0	69077.0	99272.7	81922.6
0.5	1110	555	555	506.0	504.0	975	75                             	1007.5	951.5	1064.8	368.2	283.1	509.3	171238.8	132519.3	198583.3	1791.8	1384.3	2089.3	66434.5	101340.1	86443.6	65795.1	98551.8	84848.2
0.5	1110	555	555	510.0	509.0	975	150                             	1020.5	941.2	1064.8	397.9	297.8	538.5	162279.3	138575.5	203422.4	1704.7	1452.6	2133.1	70249.6	103390.5	82213.6	68145.0	101189.9	80814.3
0.5	1110	555	555	498.0	497.5	975	225                             	994.5	928.5	1051.0	407.2	286.3	587.3	162309.1	127938.8	200004.2	1702.8	1343.8	2100.1	64619.1	101821.2	81657.8	63734.2	99962.0	81749.9
0.5	1110	555	555	503.5	502.5	975	300                             	1005.0	946.5	1058.2	413.7	300.1	576.1	162798.3	128018.2	200423.5	1703.6	1343.3	2078.7	64543.4	102553.1	81070.0	63478.5	98165.5	80651.0
0.5	1110	555	555	494.0	493.5	975	375                             	985.5	911.5	1053.8	391.0	284.2	510.8	163298.2	131508.2	196610.2	1718.5	1380.9	2047.1	66239.1	98291.6	81711.2	65539.3	97293.9	81724.2
0.5	1110	555	555	499.0	500.0	975	450                             	998.0	918.0	1052.8	398.9	303.9	532.6	164404.1	128224.6	193561.1	1715.4	1341.0	2039.7	65070.8	97757.8	82936.2	63555.2	95978.3	81339.3
0.5	1110	555	555	491.0	490.0	975	525                             	979.0	924.0	1033.8	392.8	279.1	522.1	160097.3	126026.0	193319.3	1680.7	1329.4	2029.5	62403.9	97797.0	80494.2	62014.4	95785.2	79563.6
0.5	1110	555	555	501.0	497.5	975	600                             	1001.0	919.0	1056.8	376.7	261.7	505.3	159443.2	125243.9	199389.2	1668.0	1307.1	2080.5	63492.8	101102.2	81074.7	62016.6	98347.3	78271.6
0.5	1110	555	555	495.0	496.0	975	675                             	990.0	918.0	1049.0	378.0	265.1	474.5	156723.6	126407.1	186335.6	1645.2	1327.4	1947.2	63447.0	93573.6	78220.1	63444.3	93115.6	77841.2
0.5	1110	555	555	496.0	497.0	975	750                             	993.0	932.2	1046.5	364.7	265.5	500.8	153068.3	123544.1	190370.2	1606.0	1289.3	1993.1	61410.1	95163.6	77310.1	61181.0	93917.1	76195.9
0.5	1110	555	555	494.0	494.5	975	825                             	987.0	914.0	1048.0	360.2	253.5	510.0	150465.4	123671.0	183342.9	1572.3	1292.5	1922.5	62130.5	91631.7	75943.8	60346.5	89517.3	75001.6
0.5	1110	555	555	500.0	497.5	975	900                             	993.0	939.5	1050.8	341.6	250.7	477.7	151672.5	126545.3	184554.9	1590.7	1317.4	1935.8	62336.3	93242.8	77524.6	62705.7	91666.9	74948.5
0.5	1110	555	555	496.0	494.0	975	975                             	990.0	933.2	1044.0	341.4	243.6	498.7	151162.1	126419.0	181414.5	1586.0	1316.9	1895.0	64047.5	90820.3	75571.5	62114.3	90017.5	75242.3
