Frac_B,N,N_a,N_b,Med_KE_A,Med_KE_B,Radius,Med_KE,Q1_KE,Q3_KE,Med_time,Q1_endtime,Q3_endtime,Med_AUDPC,Q1_AUDPC,Q3_AUDPC,Med_AUDPC_SPS,Q1_AUDPC_SPS,Q3_AUDPC_SPS,Q1_AUDPC_A,Q3_AUDPC_A,Med_AUDPC_A,Q1_AUDPC_B,Q3_AUDPC_B,Med_AUDPC_B
0,1110,1110,0,1059,0,0,1059,1051.2,1065,3919.3,3600.5,4328.3,414360.8,406082,424191.5,8287.2,8121.6,8483.8,406082,424191.5,414360.8,0,0,0
0,1110,1110,0,1035.5,0,50,1035.5,1025,1045,3927.8,3554.1,4388.6,402272.1,389743.2,412492.7,8045.4,7798.6,8249.9,389743.2,412492.7,402272.1,0,0,0
0,1110,1110,0,969,0,100,969,943.2,993,3643.3,3275.4,4172.2,439645.2,413143.4,466727.2,8792.9,8270.2,9334.5,413143.4,466727.2,439645.2,0,0,0
0,1110,1110,0,841,0,150,841,771.5,891,2995.6,2636.9,3677.8,427746.5,370609.5,487209.2,8556.9,7418.3,9744.2,370609.5,487209.2,427746.5,0,0,0
0,1110,1110,0,663.5,0,200,663.5,558.5,754,2263.1,1857.8,2684,318567,236940.9,387694,6378,4738.8,7755.7,236940.9,387694,318567,0,0,0
0,1110,1110,0,552.5,0,250,552.5,464.2,654.8,1628,1358.6,2017.7,213766,162483.5,284274.8,4280.4,3250.4,5685.5,162483.5,284274.8,213766,0,0,0
0,1110,1110,0,490.5,0,300,490.5,408.2,593.8,1125.3,890.1,1400.4,155447,109586.6,210716.8,3112.2,2194.5,4219.7,109586.6,210716.8,155447,0,0,0
0,1110,1110,0,483,0,350,483,400.2,579,954.9,770.8,1241.1,134924.1,95816.3,195363.3,2698.5,1917.7,3908.9,95816.3,195363.3,134924.1,0,0,0
0,1110,1110,0,497,0,400,497,423.2,569.8,804.4,604.3,1055.6,122669.5,89107,163657.8,2458.3,1787.2,3277.4,89107,163657.8,122669.5,0,0,0
0,1110,1110,0,503,0,450,503,442.8,573,660.3,520.8,870.9,111336.4,86950.7,142108.8,2229.8,1741.7,2846.6,86950.7,142108.8,111336.4,0,0,0
0,1110,1110,0,544,0,500,544,480,633.5,584.9,447.2,758.2,114310.2,86926,147581.6,2286.2,1743.6,2951.6,86926,147581.6,114310.2,0,0,0
0,1110,1110,0,556.5,0,550,556.5,494.2,626.5,495.3,371.3,690.4,109488.2,83101.3,134353.5,2193.2,1663.6,2692.5,83101.3,134353.5,109488.2,0,0,0
0,1110,1110,0,596,0,600,596,537.5,669,469.6,357.6,599.1,108861.1,87191.8,134090.8,2177.2,1750.5,2684.2,87191.8,134090.8,108861.1,0,0,0
0,1110,1110,0,645.5,0,650,645.5,585,702,434.7,330.5,591.3,117012.3,92563,137922.2,2341.2,1852.6,2766.9,92563,137922.2,117012.3,0,0,0
0,1110,1110,0,676,0,700,676,608.5,734.8,378.7,314.4,507.9,113910.2,93572.4,137889.7,2278.2,1871.4,2758.5,93572.4,137889.7,113910.2,0,0,0
0,1110,1110,0,712.5,0,750,712.5,648.5,757,377,296.1,503.3,114999,95420.7,141245.9,2307.4,1909.3,2832.2,95420.7,141245.9,114999,0,0,0
0,1110,1110,0,733,0,800,733,661.2,808,352.4,275.8,472,114608.2,91255,142414.2,2292.2,1828.7,2848.3,91255,142414.2,114608.2,0,0,0
0,1110,1110,0,785.5,0,850,785.5,701.8,853.8,359,272.9,472.1,121954.3,94154.5,151744.7,2448.5,1883.1,3041.8,94154.5,151744.7,121954.3,0,0,0
0,1110,1110,0,810.5,0,900,810.5,718,869,334.1,262.8,465.4,121658.9,95451.8,147860,2433.2,1913.7,2959.2,95451.8,147860,121658.9,0,0,0
0,1110,1110,0,835,0,950,835,768.2,906,330.4,254.7,429.7,124212.5,100636.8,157818.2,2484.2,2018.6,3163.3,100636.8,157818.2,124212.5,0,0,0
0,1110,1110,0,856.5,0,1000,856.5,777.2,927,318.4,249.6,419.3,122829.9,97432.9,152022.7,2459.4,1948.7,3040.9,97432.9,152022.7,122829.9,0,0,0
0,1110,1110,0,889.5,0,1050,889.5,809,939,301.9,226.2,385.1,119201.7,96138.4,147106.5,2389.8,1924.9,2942.1,96138.4,147106.5,119201.7,0,0,0
0,1110,1110,0,904,0,1100,904,828.2,970,301.6,220.6,407,125481.1,94145.1,151719.8,2511.4,1882.9,3040.6,94145.1,151719.8,125481.1,0,0,0
0,1110,1110,0,912,0,1150,912,845.2,975.5,279.3,212.3,371.8,118270.6,96948.4,146258.5,2368.4,1939,2925.2,96948.4,146258.5,118270.6,0,0,0
0,1110,1110,0,942.5,0,1200,942.5,867.2,1005.8,292.8,204.6,412,122134.9,94294.5,150148.9,2445.6,1888.3,3003,94294.5,150148.9,122134.9,0,0,0
0.2,1110,888,222,863,221,0,1083,1078,1088,3873.8,3579.1,4202.1,486535.1,476646.9,495374.3,9730.7,9532.9,9907.5,329720.8,344400.8,336817.9,144143.8,154158.6,148856.2
0.2,1110,888,222,853,219,50,1072,1065,1077,3789.9,3542.3,4096.2,438505,427626.7,447962.6,8770.1,8552.5,8959.3,304537.7,321789.8,313440.6,119689,130182,124255.8
0.2,1110,888,222,826,213,100,1040,1027,1049,3515.1,3197.2,3933.1,413841.8,395680.7,434197.1,8276.8,7914.9,8683.9,303160.8,335967.1,321165.3,89604.8,98665.3,93463.8
0.2,1110,888,222,788,204,150,992,964.2,1013,3142.4,2734.6,3633.3,431089.6,403541.3,467201.8,8621.8,8070.8,9344,322720.6,375156.5,347624.5,78894.8,91865.6,84564.9
0.2,1110,888,222,712.5,184,200,898,840.5,950.8,2644.9,2299.9,3057.5,413120.2,357558.8,468190.9,8262.4,7153.7,9363.8,290579.1,380613.2,335746.4,67108.7,88562.2,77603.9
0.2,1110,888,222,608.5,155.5,250,764.5,668.2,853.8,2102.7,1762.6,2449.7,329134.2,261176.4,393235.3,6582.7,5223.5,7869,213866.4,318666.1,266723,49950.7,73510.5,61981.5
0.2,1110,888,222,547,139.5,300,689,576,771,1575.1,1267.8,1985.4,257314.7,191683.2,321060.2,5146.3,3833.7,6421.2,153920.8,261014.2,208101.7,37003.7,60785.2,48643.5
0.2,1110,888,222,490.5,124,350,608.5,498,727.5,1214.5,910.2,1584.3,199180.6,136299.8,263032.1,3983.6,2728.7,5264,110790.6,210662.3,159852.2,25945.2,50671.7,38421.5
0.2,1110,888,222,476.5,120,400,591,511.5,687,957.6,759.3,1290.3,170346.8,126843.5,217845.8,3406.9,2541,4356.9,102419.8,177293.6,137671.6,23924.5,42087.8,32104.5
0.2,1110,888,222,474.5,121,450,591.5,511.8,682.8,804.3,596.9,1054.9,155538,113817.5,196865.8,3113.8,2277.5,3937.3,92166,157305.4,125189.5,20999.4,37952,30017.5
0.2,1110,888,222,483,121,500,603.5,526.2,696.8,691.9,541.1,892.2,137916.3,103329.4,175269.2,2762,2069.2,3508.5,82884.2,140777.7,111453.3,20598.2,35259.7,26858.1
0.2,1110,888,222,495.5,128,550,623,565.8,710.5,632.2,507.6,809.2,140608.5,109437.2,173794.5,2818.3,2195,3480.5,87402.3,141045,112489.1,21417.5,34120,27391.5
0.2,1110,888,222,529.5,132.5,600,662.5,584.5,737.5,573,430,795.8,134955,111341.3,168008,2699.1,2232.2,3364.9,88835,135618.7,108633.2,21358.5,32830.4,25995.2
0.2,1110,888,222,549,139,650,686.5,617.5,752,517.5,391.8,669.3,131011.7,105630.1,163671.6,2621.4,2112.6,3277.2,84556.5,131438.5,105712.6,20255.5,32185.4,25852
0.2,1110,888,222,558,139.5,700,696,631.8,777.2,454,348.2,590.9,123452,99756.8,157968.9,2470.4,2002.8,3161.6,79697.8,126919.6,99722.7,19714.5,30561.4,24835.3
0.2,1110,888,222,594,150,750,746.5,664.8,811,457.1,333.1,561.1,132672,102783.2,165222.2,2655.4,2056.7,3304.4,82276.7,132519.9,105549.2,20579.2,32144.5,26186.9
0.2,1110,888,222,608,154.5,800,764.5,691.8,832.5,416.8,326.1,545.6,137948.1,104942.8,163328.7,2759,2101.3,3267.1,84252,130768.4,110325.7,20616.8,32278.8,27330
0.2,1110,888,222,632,159.5,850,790.5,716.2,845.8,379.8,280.8,524.1,126804.4,99651.5,152514.3,2536.1,1998.5,3050.3,80058.3,121720.3,101071.6,19858.5,30680.9,24585.8
0.2,1110,888,222,644,163,900,809,744,884.8,358.2,281.6,508.4,126243.4,107335.6,159821.5,2529.7,2146.7,3201.9,85873.5,128312.9,100811.3,20960.2,30833.7,25809
0.2,1110,888,222,679.5,172.5,950,849.5,789,932,369.9,293.8,484,134910.4,108525.4,164883.5,2698.2,2170.5,3297.7,87506.5,132657.8,108224.4,21251.8,32939.3,27160.2
0.2,1110,888,222,710.5,177,1000,882.5,798,950.8,366.3,285.8,463.2,136530.4,109663.3,168722.6,2733.5,2193.8,3374.5,87893.6,134648.4,109809.5,21656.5,33416.3,26834.7
0.2,1110,888,222,712.5,181,1050,896,813,965.5,326.9,242.3,447.5,133898.4,104049.4,164237,2678,2081,3284.7,83097.3,131081.7,106935.4,20892.9,32824.5,26557.6
0.2,1110,888,222,736,185,1100,921.5,846.5,981.5,302.4,241.6,425.5,129518.2,104420.4,153151.6,2590.4,2090.2,3063,84305.1,122993.9,103726.2,20744.4,30747.9,25140.5
0.2,1110,888,222,750.5,190,1150,941,862,996.8,295.9,225.8,395.9,133052.1,106624.2,159555.7,2667.8,2132.5,3191.1,84557.7,129579.2,106443.9,21363.9,31037.8,26338.7
0.2,1110,888,222,749.5,189,1200,937.5,867.5,1002.8,286.1,210.1,411.2,122745.8,101585,152305.3,2456.5,2039.9,3047.4,82229.7,122135.4,99099.9,20231.9,29757.4,24373.4
0.4,1110,666,444,655,442,0,1097,1094,1100,3833.5,3535.3,4164.2,559802.5,547543.2,568539.4,11196.1,10950.9,11370.8,249732.7,261982,256828.6,294524.3,309568.6,301778.6
0.4,1110,666,444,650,441,50,1090,1086.2,1093,3720.9,3388.6,4148,485329.4,475164,493778.9,9706.6,9503.3,9875.6,228740.8,239647,234222.3,243650.1,257190.5,250122.8
0.4,1110,666,444,638,435,100,1073,1067,1079,3455.7,3175.6,3830.2,407430.2,397170.2,422383.3,8148.6,7947.8,8447.7,215039.1,232349.2,222784.5,179749.3,192798.8,186012.1
0.4,1110,666,444,626,426,150,1052,1036.2,1062,3080.6,2773.3,3506.6,407642.3,386533.4,427625.2,8152.8,7730.7,8552.5,230288.6,260233.9,243774.1,153824.5,171217.8,163335.6
0.4,1110,666,444,607,411,200,1016,985,1041,2677.5,2365.7,3108,403028,371540.5,434518.8,8061.1,7430.8,8690.4,229795.3,270752.3,248161.5,141957,165779.4,154608.3
0.4,1110,666,444,566,385,250,952,888,992,2422.7,2053.4,2797.2,387995.4,343552.9,435817.8,7759.9,6873.4,8716.4,210577.9,270059.5,241364,131091.4,163936.8,146590.1
0.4,1110,666,444,512,343,300,854,788.8,933.8,1898.9,1571.5,2352,328574.4,279484.7,384292.9,6571.5,5589.7,7685.9,174990,238204.1,202267.2,105567,146403.6,125801.1
0.4,1110,666,444,465,313,350,778,675.2,881.8,1536.5,1285,1879.7,272158.8,218230,330307.8,5445.9,4364.6,6608.2,132287,205309.1,168411.7,82348.3,125401.6,106143.9
0.4,1110,666,444,446,299,400,741.5,625,839.5,1233.2,991.4,1538.9,225959.6,177475.7,283912,4522.9,3551.1,5684.1,107054.1,174991.8,138163.5,68901.8,109696.6,87593.2
0.4,1110,666,444,425.5,288,450,709.5,631.2,817,1104.8,875.8,1405.2,200700.3,162300.2,260326.6,4017.5,3250.3,5206.5,100040.4,158792.2,125138.5,64245.6,100693,77625
0.4,1110,666,444,417.5,280,500,695.5,620,793.8,881.5,686.2,1133.7,185393.8,144877.8,231401.9,3710.3,2898.9,4628,86463,140875.6,113667,56947,89211.9,71363.8
0.4,1110,666,444,421,283,550,706,615,787.2,740.3,566.6,1006.9,161959.5,124342.9,213461.5,3239.2,2490.7,4271.4,75623.3,129882,100188.5,48124.3,83343.6,62243
0.4,1110,666,444,432,287,600,716.5,640,799.8,650.7,482.3,883.1,158114.7,125252.4,203486.9,3166.9,2505,4069.7,75125.4,125432,96017.6,50147.5,78906.9,63078.7
0.4,1110,666,444,434.5,287,650,721,653,794.5,608.9,435.6,786.9,150651.7,119735.3,191148.3,3013,2395.7,3824.5,72587.1,116532.5,91822.6,47439,74841.4,59355.8
0.4,1110,666,444,445,297.5,700,742,669,822.8,537.4,407.1,721.4,150098.2,116501.8,192183.4,3005.8,2335.1,3844.8,70762.1,117497.1,91143.8,45460.3,74249.3,59290.7
0.4,1110,666,444,471.5,313,750,781,696,856,489.9,380.4,661.8,150963,114498.8,184397.8,3021.6,2290.2,3688.2,69579.2,111840.2,91381.6,45370.3,73148.4,59818
0.4,1110,666,444,475,319,800,794.5,709.5,863.8,469.3,364,645.7,149180.5,119354.6,183668,2983.6,2387.1,3673.4,71663.8,111276.5,91120,47053.8,71882.2,59157.1
0.4,1110,666,444,486.5,327.5,850,818,739,883.8,446.6,334.1,599.8,144135,114174.5,174898.5,2890.5,2284.3,3505.6,67912.5,106431.2,87469.8,45536.5,69616.2,56981.4
0.4,1110,666,444,504,339.5,900,847,768.2,903.8,401.3,311.1,530,141618.8,115639.9,170582.2,2836.9,2316.4,3411.6,70342.8,101912,85114.1,45914.2,67519,55950.4
0.4,1110,666,444,521,352,950,874,791,929,375.3,293.8,487.6,143475.8,112522,173529.4,2871.2,2255.8,3471.5,67933,104938.2,85689.5,44893.2,69454.8,57792.2
0.4,1110,666,444,536,359,1000,893,824.5,960.8,369.5,279.1,522.6,147151,114497.7,173096.6,2943,2290,3462.9,68383.3,105356.9,87674.8,46206.4,68947.7,57577.5
0.4,1110,666,444,547.5,366.5,1050,912.5,835.2,973,337.9,267.3,459.2,145701.5,116318.9,178160.7,2914,2326.4,3566.6,69701.7,107322.8,88069,46161.9,70525.6,58062.1
0.4,1110,666,444,554,371,1100,927,845,996.8,327.5,246.1,448.2,141401.8,108145.8,173777.3,2828,2164.9,3478.7,64412.1,105641.4,85836.7,43165.2,69738.9,55288.4
0.4,1110,666,444,561,376.5,1150,938,874.2,1001.8,335.1,250.7,440.9,136276.2,113525.2,170057.8,2725.5,2271.5,3401.2,68351.6,101711.7,82553.6,45273.8,68137.4,53427.9
0.4,1110,666,444,571,381,1200,948,886.2,1009.8,310.5,240,386.1,134608.5,113941.6,164754.3,2696.4,2280.8,3295.1,68004.1,98537.1,80893.2,45889.7,65910.5,53762.2
0.6,1110,444,666,439,665,0,1103,1101.2,1105,3855,3572.7,4190,623779.8,613407.7,632594.6,12475.6,12268.2,12651.9,165912.9,176088.9,171420.6,442987.9,458877.2,450894.3
0.6,1110,444,666,437,663,50,1100,1097,1102,3710.5,3377.7,3983.6,534747.8,524097.7,546600.2,10695,10482,10932,150764.1,161190.2,155949.9,370727.9,387280.1,379078.1
0.6,1110,444,666,432,659,100,1090,1085.2,1094,3394.3,3163.1,3740.6,421433.6,410796.7,431619,8428.7,8215.9,8632.4,136577.7,147315.9,142238.3,272201.4,285297.4,278612.6
0.6,1110,444,666,428,651,150,1079,1071,1085,3075.1,2801.1,3477.1,382072.4,366551.1,395734.4,7642.6,7331,7915.4,139933.6,154355.9,147449.4,224531.8,242582.5,234267.4
0.6,1110,444,666,422,641,200,1061,1045,1073,2777.9,2454,3100.3,374668.8,353576.8,395921.4,7493.4,7071.5,7918.4,144390.1,164167.7,154036.5,208540.3,232060.6,220482.7
0.6,1110,444,666,410,622,250,1030,996,1054.8,2477.7,2188.5,2948.6,368746.7,342320.6,404390.3,7374.9,6846.4,8087.8,141734.7,172449.9,154214.1,197999.7,231937.5,213402.9
0.6,1110,444,666,391.5,591,300,982,922,1022.5,2200.7,1873.7,2549,355580.9,318787.1,394779.1,7111.6,6377.9,7895.6,135882.9,168692.1,153014.6,182433,225806.8,205232.6
0.6,1110,444,666,363,545,350,908,824.8,976,1819.4,1494.2,2181.1,321689.9,274438.7,362423.7,6433.8,5488.8,7248.5,114007.7,153941.7,135575.9,159002.1,209564,186002.8
0.6,1110,444,666,350,524,400,872,799,936.2,1474,1200.4,1831.8,276232.2,237195.2,337772.4,5524.6,4750.8,6755.4,97757.7,139540,116614.5,137406.8,193364.6,160684.4
0.6,1110,444,666,332.5,500.5,450,832,737.8,908.8,1283.8,1038.3,1666.4,248666.2,200080.3,308562.3,4973.3,4007.3,6171.2,83520,128020,104435.5,116159.3,179976.5,144037
0.6,1110,444,666,317,474.5,500,792.5,688,884,1056,820.7,1391.5,213087.3,167254,272394.5,4261.7,3345.1,5453.9,69884.4,114417.3,87715.4,98627.5,158518,126020.9
0.6,1110,444,666,314,469,550,783,693,859.8,937.1,727.9,1200.6,205566,163049.1,245945.2,4114.1,3262.2,4925.9,66323.8,102122.8,85132.9,94298.7,144063.1,120423.9
0.6,1110,444,666,315.5,475,600,792.5,707.5,869.8,839.4,635.3,1062.2,193062.1,161022,236564.8,3861.2,3220.4,4731.3,66758.6,96814,80160,93649.9,138506.2,114595
0.6,1110,444,666,308,463.5,650,773,691,844.5,712.5,551.2,885.8,178118.9,144487.7,216694.9,3564.6,2895,4333.9,58663.2,89137.5,72976.4,85386.5,125441.8,103745.6
0.6,1110,444,666,321,482,700,800,723.2,882.8,639.3,457.6,826.3,168331,135347.8,209968.8,3366.6,2707,4204.7,55092.2,84462.1,68378.5,80520,121845.2,100106.3
0.6,1110,444,666,321.5,484.5,750,801,729.5,883,564.7,406.2,771.1,163347.2,130761.8,197952.8,3269.5,2615.2,3963.6,52638.5,81737.4,65783.3,78405.5,115827.9,97034.6
0.6,1110,444,666,329,492.5,800,821,752.5,903.8,558.6,400,767.2,160288.2,131149.9,203816.8,3205.8,2623,4076.3,54104.4,82694,65702.3,75281.9,120836.8,95101
0.6,1110,444,666,333,498,850,831.5,747.5,917.2,484.7,360.1,654,155888.9,127635.6,193217.9,3120.8,2552.7,3864.4,51405.4,78084.5,63061.4,75452.6,115274.8,92855.5
0.6,1110,444,666,345,516,900,858.5,786.2,928.8,433.7,336.8,599,157250.5,128971.7,186928.1,3151,2580.7,3738.6,53050.4,75627,64608.5,76243.6,110644.4,93184.6
0.6,1110,444,666,351.5,527,950,880.5,813.2,956,442.9,333.4,572.2,161034.3,130408.9,191818,3226.2,2613.2,3843.2,52920.5,78407.8,65063,77135.7,114341.8,95569.3
0.6,1110,444,666,353,529,1000,880,799.5,958.5,384.8,290.5,534.4,147465.3,123404.2,181191.1,2949.3,2468.1,3623.8,49970.3,73751.4,59580.2,72619.6,108345.5,88400.8
0.6,1110,444,666,361,543.5,1050,904,841,969.8,403.4,304.3,538.2,151812.5,118286.3,178135.4,3036.2,2365.7,3564.3,48158.2,73175.2,60868.2,70728.7,107044,90874.9
0.6,1110,444,666,376,565,1100,941.5,856.2,1006,382.6,297.7,527.9,157047.4,132206.2,186371.1,3140.9,2644.1,3733.6,53628.7,75478.2,63518.9,77729.4,111237.1,94466.2
0.6,1110,444,666,384,574,1150,954.5,868,1015.8,362.1,284.4,491.5,154147.6,128605.3,180967.3,3083,2572.1,3619.3,52277.1,73685.9,62552,76555,107300.7,91829.9
0.6,1110,444,666,385,579,1200,964,894.5,1021.8,360.2,265.3,496,149853,122551.5,176846,2997.1,2451.5,3539,49195.2,71816.7,60344.9,72892.8,105788.9,89457.1
0.8,1110,222,888,220,887,0,1107,1105.2,1108,3837.1,3546.2,4318.6,688990.6,679561.2,698784.5,13779.8,13591.2,13975.7,82532,89409.2,86282.7,592889.5,612290.5,603205.7
0.8,1110,222,888,220,886,50,1105,1103,1107,3722.7,3406.6,4059.9,590299.8,579655.9,601776,11806,11593.1,12035.5,75225.7,82227.7,78317.2,502015.7,522152.9,511394.2
0.8,1110,222,888,218,882,100,1100,1097,1103,3402.6,3120.5,3753.2,448309,439040.1,457444.4,8966.2,8780.8,9148.9,66358.9,72426.4,68978.6,371369.5,387513.5,378818.3
0.8,1110,222,888,217,877,150,1094,1090,1098,3143.7,2838.8,3472.3,370979.3,360811.4,382852.3,7424.8,7219.3,7657,64108,71751.5,67748.9,295271.2,313019.7,303711.8
0.8,1110,222,888,215,870.5,200,1086,1079,1092.8,2826.3,2441.2,3144,346678.7,334284.2,362845.9,6933.6,6685.7,7256.9,66505.9,74968.8,70615.8,265510.7,288638.4,277115.5
0.8,1110,222,888,214,861,250,1074.5,1059,1085.8,2578.2,2207.7,2887,341404.9,322230.6,358434.9,6828.1,6444.9,7168.7,67462.2,78244.8,71937.6,253224.8,283058.2,269618.7
0.8,1110,222,888,209,842.5,300,1052,1022,1071,2272.5,1926.4,2683.2,339942.8,311577.3,365080.7,6804,6231.5,7301.6,66917.9,79973.3,73063.2,244428.3,285708.2,264282.8
0.8,1110,222,888,204,819.5,350,1023,984,1055,1985.2,1661.1,2455.8,322488.2,299910.7,363936.4,6451.6,6001.2,7278.7,63941.4,80166.8,70724.4,233354.6,283490.8,252214.5
0.8,1110,222,888,195,789,400,984,913.2,1042.5,1707.3,1447.1,2052.5,303605.1,268785.6,339602.6,6072.1,5381,6798,57454,74270.2,64989.4,210825.5,266596.8,235952.2
0.8,1110,222,888,192,769,450,961,881.8,1023.8,1516.6,1255.9,1823.8,289668,252179.4,326028.2,5797.5,5043.6,6520.6,52852.7,70908.3,61921.2,197191,255128.1,226303.6
0.8,1110,222,888,184,736,500,916.5,848.2,1000,1310.7,1047.9,1606.6,264267.3,233014.6,305751.3,5287.5,4660.3,6116.8,48345.1,65478.2,56024.4,185256.1,240102.6,207452.2
0.8,1110,222,888,180,725,550,902,812,975,1149.6,918.2,1437.7,245923.4,211307.7,284720.1,4918.5,4226.4,5696.2,43475.3,60873.9,51742.6,166843.9,223415.8,192980.9
0.8,1110,222,888,175,704,600,878,793.8,965.2,960.5,769.4,1250.9,233075.1,185046.8,267275,4661.5,3708.1,5345.5,39259.9,56360.2,49165.5,146203.2,210276,184776.3
0.8,1110,222,888,175,699.5,650,877,774.5,951.5,899.5,681.1,1183.9,216859.5,171030.5,252272.7,4337.2,3422.7,5045.5,36227.3,53524.4,45616.4,135710.5,198069.9,170482.6
0.8,1110,222,888,177,701,700,878,794.2,945.8,802.2,633.5,1056.4,207922.3,170761.2,245163.2,4158.4,3416.9,4912.9,35441.1,51776.8,43204.2,134096.3,194354.7,163948
0.8,1110,222,888,174.5,692,750,868,791,948,706.5,542.8,922.9,194811.3,161003.9,233211.7,3898.8,3220.5,4665.3,33210,48317.6,40266,127263.2,185160.3,154413.9
0.8,1110,222,888,174,693.5,800,866,804,940,595.1,457,803.7,184490.9,149024.7,216735.2,3693.2,2982.1,4334.7,30863.2,45362,38040.7,117674.2,171574.1,146160.4
0.8,1110,222,888,179,719.5,850,893.5,817.2,968.8,602.1,473.8,763.1,186682.1,152403.2,221283.3,3733.6,3048.1,4425.7,31814.8,45082.2,38253.9,121298.5,174524.7,147975.1
0.8,1110,222,888,181,727,900,907,823.2,985.5,549.7,419.3,699.6,175158.8,146220.6,212928.7,3506.6,2924.4,4258.6,30266.2,44022.8,35737,115263.8,167752,140258.4
0.8,1110,222,888,183,730,950,913.5,825,981,518.6,387.9,683,182385.6,148823.2,214235.9,3647.7,2979.3,4284.7,30790.5,43442.1,37045.2,117601.7,168833.9,145213
0.8,1110,222,888,188,745.5,1000,932,871,1002.8,477.4,358.2,635,174329.9,143882.7,208429.2,3489.7,2879.2,4168.6,29362.5,42880.9,35902.4,115085.6,164995.6,138801.7
0.8,1110,222,888,191,767,1050,958,874.5,1015.8,437.7,339.4,600.3,172912.3,143952.3,200400.6,3458.2,2879.5,4008,29180.9,40845.9,35673.3,114620,158996.8,136711.5
0.8,1110,222,888,191,766,1100,958,901.5,1008.5,428.9,334.1,613.9,174878.8,143445,205092,3497.6,2872.5,4105.7,28850.6,42660.2,36110.2,114684.6,162394.8,138496.1
0.8,1110,222,888,193,777,1150,972,884,1030.8,408.1,315.2,578.5,167069.7,134369.1,193707.5,3341.4,2695.1,3874.2,27160.4,39744.7,34047.3,107441.7,154451.5,132725.3
0.8,1110,222,888,195,775,1200,969,923.8,1029,410.9,312.2,553.6,167194.7,144794.6,198031.2,3346.3,2895.9,3960.6,29521.6,40208,34438.7,115862.1,157629.4,133334.2
1,1110,0,1110,0,1109,0,1109,1108,1110,3840,3553.5,4158.5,753421.7,743626.9,766709.9,15068.4,14872.5,15334.2,0,0,0,743626.9,766709.9,753421.7
1,1110,0,1110,0,1108,50,1108,1107,1109,3732.4,3423.3,4051.8,650480.6,640908.7,660032.4,13009.6,12818.2,13200.6,0,0,0,640908.7,660032.4,650480.6
1,1110,0,1110,0,1106,100,1106,1104,1108,3389.8,3106.4,3688,487570.1,477989.7,498880.5,9751.4,9559.8,9977.6,0,0,0,477989.7,498880.5,487570.1
1,1110,0,1110,0,1102.5,150,1102.5,1100,1105,3121,2815.9,3439.3,384635.2,375974.6,394208.9,7692.7,7519.5,7884.2,0,0,0,375974.6,394208.9,384635.2
1,1110,0,1110,0,1099,200,1099,1094,1102,2742.3,2480.4,3060.1,334701.7,324073.7,343943.8,6694,6481.5,6878.9,0,0,0,324073.7,343943.8,334701.7
1,1110,0,1110,0,1094,250,1094,1088,1099,2465,2226.2,2801.2,316550.4,304144.1,331465.9,6331,6086.2,6629.3,0,0,0,304144.1,331465.9,316550.4
1,1110,0,1110,0,1087,300,1087,1078,1095,2276.2,1977.4,2601.8,310840.9,296431.4,327302.1,6216.8,5928.6,6546,0,0,0,296431.4,327302.1,310840.9
1,1110,0,1110,0,1079,350,1079,1054,1092,2058.5,1776.5,2352.5,307548.7,289636.2,326644.5,6151,5794.2,6532.9,0,0,0,289636.2,326644.5,307548.7
1,1110,0,1110,0,1057,400,1057,1018.2,1084,1811,1494.5,2174.1,299601.2,276213.4,333151.6,5992,5524.3,6663,0,0,0,276213.4,333151.6,299601.2
1,1110,0,1110,0,1037.5,450,1037.5,994,1074,1592.1,1322.9,1923.6,290005.2,270877.3,319299.5,5805.4,5417.5,6386,0,0,0,270877.3,319299.5,290005.2
1,1110,0,1110,0,1012,500,1012,945,1055.8,1444.7,1206.9,1750,281011.7,249940,306902.5,5624,5001.1,6139.3,0,0,0,249940,306902.5,281011.7
1,1110,0,1110,0,997,550,997,924.2,1046.5,1292.3,1047.5,1586.6,268276.4,236438,302599.9,5365.5,4737.4,6052,0,0,0,236438,302599.9,268276.4
1,1110,0,1110,0,955.5,600,955.5,890,1027.8,1182.2,962.6,1533.3,255119.4,217640,289880.1,5102.4,4360.7,5797.6,0,0,0,217640,289880.1,255119.4
1,1110,0,1110,0,961,650,961,887.2,1017,1035,858.2,1284.2,242461.6,208160,277916.9,4849.2,4165.2,5558.3,0,0,0,208160,277916.9,242461.6
1,1110,0,1110,0,931,700,931,852,996.8,946,737.5,1187.8,229680.5,194086.1,262970.9,4593.6,3883.8,5268.8,0,0,0,194086.1,262970.9,229680.5
1,1110,0,1110,0,937,750,937,860,1005,862.5,678.1,1055.3,223410.3,186221.4,257187.8,4468.2,3724.4,5150.1,0,0,0,186221.4,257187.8,223410.3
1,1110,0,1110,0,950,800,950,881.5,1011.8,768.3,589.8,1003.9,219373.5,183933.9,253310.8,4393.7,3685,5068.6,0,0,0,183933.9,253310.8,219373.5
1,1110,0,1110,0,936,850,936,865,1000.8,726.4,534.9,981.7,211097,177086.3,239648.5,4221.9,3547.2,4793.1,0,0,0,177086.3,239648.5,211097
1,1110,0,1110,0,941.5,900,941.5,875.2,1003.8,647.1,500,842.6,202716.8,173192,235151.7,4055.4,3468.6,4707.8,0,0,0,173192,235151.7,202716.8
1,1110,0,1110,0,953.5,950,953.5,875.8,1027.5,618,476.5,839,198476.1,168040.3,230490.4,3969.5,3360.8,4609.8,0,0,0,168040.3,230490.4,198476.1
1,1110,0,1110,0,971,1000,971,892,1015.5,568.6,437.4,736.5,200888,172956,222593,4017.8,3468.8,4461.1,0,0,0,172956,222593,200888
1,1110,0,1110,0,968.5,1050,968.5,897.5,1030.8,550.5,399.2,703.5,190500.2,162078,219201.2,3810,3246.4,4384,0,0,0,162078,219201.2,190500.2
1,1110,0,1110,0,987,1100,987,904.2,1038.5,517,395.1,681.6,193776.4,160378.4,223251.2,3875.5,3214.2,4465,0,0,0,160378.4,223251.2,193776.4
1,1110,0,1110,0,981,1150,981,919.8,1045.8,466.5,353.2,593.3,187434.3,155929,215593.3,3749,3121.4,4311.9,0,0,0,155929,215593.3,187434.3
1,1110,0,1110,0,1001,1200,1001,915,1060.8,427.4,335.9,581.3,178076,154119.1,212165,3566.8,3091.4,4243.3,0,0,0,154119.1,212165,178076
