	Frac_B	N	N_a	N_b	Med_KE_A	Med_KE_B	Radius	Med_KE	Q1_KE	Q3_KE	Med_time	Q1_endtime	Q3_endtime	Med_AUDPC	Q1_AUDPC	Q3_AUDPC	Med_AUDP_SPS	Q1_AUDPC_SPS	Q3_AUDPC_SPS	Q1_AUDPC_A	Q3_AUDPC_A	Med_AUDPC_A	Q1_AUDPC_B	Q3_AUDPC_B	Med_AUDPC_B	Med_KE_A_singlenorm	Med_KE_B_singlenorm	Med_KE_A_doublenorm	Med_KE_B_doublenorm	Med_AUDPC_A_single	Med_AUDPC_B_single	Med_AUDPC_A_double	Med_AUDPC_B_double	KE_ratio_single	KE_ratio_unnorm
0	0.0	1110	1110	0	1059.0	0.0	0	1059.0	1051.2	1065.0	3919.3	3600.5	4328.3	414360.8	406082.0	424191.5	8287.2	8121.6	8483.8	406082.0	424191.5	414360.8	0.0	0.0	0.0	0.9540540540540541		47.7027027027027		373.298018018018		18664.900900900902			inf
1	0.0	1110	1110	0	1035.5	0.0	50	1035.5	1025.0	1045.0	3927.8	3554.1	4388.6	402272.1	389743.2	412492.7	8045.4	7798.6	8249.9	389743.2	412492.7	402272.1	0.0	0.0	0.0	0.9328828828828829		46.64414414414414		362.40729729729725		18120.364864864863			inf
2	0.0	1110	1110	0	969.0	0.0	100	969.0	943.2	993.0	3643.3	3275.4	4172.2	439645.2	413143.4	466727.2	8792.9	8270.2	9334.5	413143.4	466727.2	439645.2	0.0	0.0	0.0	0.8729729729729729		43.648648648648646		396.07675675675677		19803.83783783784			inf
3	0.0	1110	1110	0	841.0	0.0	150	841.0	771.5	891.0	2995.6	2636.9	3677.8	427746.5	370609.5	487209.2	8556.9	7418.3	9744.2	370609.5	487209.2	427746.5	0.0	0.0	0.0	0.7576576576576577		37.88288288288288		385.3572072072072		19267.860360360362			inf
4	0.0	1110	1110	0	663.5	0.0	200	663.5	558.5	754.0	2263.1	1857.8	2684.0	318567.0	236940.9	387694.0	6378.0	4738.8	7755.7	236940.9	387694.0	318567.0	0.0	0.0	0.0	0.5977477477477477		29.88738738738739		286.9972972972973		14349.864864864865			inf
5	0.0	1110	1110	0	552.5	0.0	250	552.5	464.2	654.8	1628.0	1358.6	2017.7	213766.0	162483.5	284274.8	4280.4	3250.4	5685.5	162483.5	284274.8	213766.0	0.0	0.0	0.0	0.49774774774774777		24.88738738738739		192.58198198198198		9629.0990990991			inf
6	0.0	1110	1110	0	490.5	0.0	300	490.5	408.2	593.8	1125.3	890.1	1400.4	155447.0	109586.6	210716.8	3112.2	2194.5	4219.7	109586.6	210716.8	155447.0	0.0	0.0	0.0	0.4418918918918919		22.094594594594593		140.04234234234235		7002.117117117117			inf
7	0.0	1110	1110	0	483.0	0.0	350	483.0	400.2	579.0	954.9	770.8	1241.1	134924.1	95816.3	195363.3	2698.5	1917.7	3908.9	95816.3	195363.3	134924.1	0.0	0.0	0.0	0.43513513513513513		21.756756756756754		121.55324324324324		6077.6621621621625			inf
8	0.0	1110	1110	0	497.0	0.0	400	497.0	423.2	569.8	804.4	604.3	1055.6	122669.5	89107.0	163657.8	2458.3	1787.2	3277.4	89107.0	163657.8	122669.5	0.0	0.0	0.0	0.4477477477477477		22.387387387387385		110.51306306306306		5525.653153153154			inf
9	0.0	1110	1110	0	503.0	0.0	450	503.0	442.8	573.0	660.3	520.8	870.9	111336.4	86950.7	142108.8	2229.8	1741.7	2846.6	86950.7	142108.8	111336.4	0.0	0.0	0.0	0.45315315315315313		22.657657657657655		100.30306306306306		5015.153153153153			inf
10	0.0	1110	1110	0	544.0	0.0	500	544.0	480.0	633.5	584.9	447.2	758.2	114310.2	86926.0	147581.6	2286.2	1743.6	2951.6	86926.0	147581.6	114310.2	0.0	0.0	0.0	0.4900900900900901		24.504504504504503		102.98216216216215		5149.108108108108			inf
11	0.0	1110	1110	0	556.5	0.0	550	556.5	494.2	626.5	495.3	371.3	690.4	109488.2	83101.3	134353.5	2193.2	1663.6	2692.5	83101.3	134353.5	109488.2	0.0	0.0	0.0	0.5013513513513513		25.067567567567565		98.63801801801802		4931.9009009009005			inf
12	0.0	1110	1110	0	596.0	0.0	600	596.0	537.5	669.0	469.6	357.6	599.1	108861.1	87191.8	134090.8	2177.2	1750.5	2684.2	87191.8	134090.8	108861.1	0.0	0.0	0.0	0.5369369369369369		26.846846846846844		98.07306306306307		4903.653153153154			inf
13	0.0	1110	1110	0	645.5	0.0	650	645.5	585.0	702.0	434.7	330.5	591.3	117012.3	92563.0	137922.2	2341.2	1852.6	2766.9	92563.0	137922.2	117012.3	0.0	0.0	0.0	0.5815315315315316		29.076576576576578		105.41648648648649		5270.824324324325			inf
14	0.0	1110	1110	0	676.0	0.0	700	676.0	608.5	734.8	378.7	314.4	507.9	113910.2	93572.4	137889.7	2278.2	1871.4	2758.5	93572.4	137889.7	113910.2	0.0	0.0	0.0	0.609009009009009		30.45045045045045		102.6218018018018		5131.09009009009			inf
15	0.0	1110	1110	0	712.5	0.0	750	712.5	648.5	757.0	377.0	296.1	503.3	114999.0	95420.7	141245.9	2307.4	1909.3	2832.2	95420.7	141245.9	114999.0	0.0	0.0	0.0	0.6418918918918919		32.0945945945946		103.6027027027027		5180.135135135135			inf
16	0.0	1110	1110	0	733.0	0.0	800	733.0	661.2	808.0	352.4	275.8	472.0	114608.2	91255.0	142414.2	2292.2	1828.7	2848.3	91255.0	142414.2	114608.2	0.0	0.0	0.0	0.6603603603603604		33.01801801801802		103.25063063063062		5162.531531531532			inf
17	0.0	1110	1110	0	785.5	0.0	850	785.5	701.8	853.8	359.0	272.9	472.1	121954.3	94154.5	151744.7	2448.5	1883.1	3041.8	94154.5	151744.7	121954.3	0.0	0.0	0.0	0.7076576576576576		35.38288288288288		109.86873873873874		5493.436936936937			inf
18	0.0	1110	1110	0	810.5	0.0	900	810.5	718.0	869.0	334.1	262.8	465.4	121658.9	95451.8	147860.0	2433.2	1913.7	2959.2	95451.8	147860.0	121658.9	0.0	0.0	0.0	0.7301801801801802		36.509009009009006		109.6026126126126		5480.130630630631			inf
19	0.0	1110	1110	0	835.0	0.0	950	835.0	768.2	906.0	330.4	254.7	429.7	124212.5	100636.8	157818.2	2484.2	2018.6	3163.3	100636.8	157818.2	124212.5	0.0	0.0	0.0	0.7522522522522522		37.61261261261261		111.90315315315316		5595.157657657658			inf
20	0.0	1110	1110	0	856.5	0.0	1000	856.5	777.2	927.0	318.4	249.6	419.3	122829.9	97432.9	152022.7	2459.4	1948.7	3040.9	97432.9	152022.7	122829.9	0.0	0.0	0.0	0.7716216216216216		38.58108108108108		110.65756756756757		5532.878378378378			inf
21	0.0	1110	1110	0	889.5	0.0	1050	889.5	809.0	939.0	301.9	226.2	385.1	119201.7	96138.4	147106.5	2389.8	1924.9	2942.1	96138.4	147106.5	119201.7	0.0	0.0	0.0	0.8013513513513514		40.067567567567565		107.38891891891892		5369.445945945946			inf
22	0.0	1110	1110	0	904.0	0.0	1100	904.0	828.2	970.0	301.6	220.6	407.0	125481.1	94145.1	151719.8	2511.4	1882.9	3040.6	94145.1	151719.8	125481.1	0.0	0.0	0.0	0.8144144144144144		40.72072072072072		113.04603603603604		5652.301801801802			inf
23	0.0	1110	1110	0	912.0	0.0	1150	912.0	845.2	975.5	279.3	212.3	371.8	118270.6	96948.4	146258.5	2368.4	1939.0	2925.2	96948.4	146258.5	118270.6	0.0	0.0	0.0	0.8216216216216217		41.08108108108108		106.5500900900901		5327.504504504505			inf
24	0.0	1110	1110	0	942.5	0.0	1200	942.5	867.2	1005.8	292.8	204.6	412.0	122134.9	94294.5	150148.9	2445.6	1888.3	3003.0	94294.5	150148.9	122134.9	0.0	0.0	0.0	0.8490990990990991		42.45495495495496		110.03144144144143		5501.572072072072			inf
25	0.2	1110	888	222	863.0	221.0	0	1083.0	1078.0	1088.0	3873.8	3579.1	4202.1	486535.1	476646.9	495374.3	9730.7	9532.9	9907.5	329720.8	344400.8	336817.9	144143.8	154158.6	148856.2	0.9718468468468469	0.9954954954954955	48.59234234234234	49.77477477477478	379.29943693693696	670.5234234234234	18964.971846846845	33526.17117117117	1.0243337195828506	3.9049773755656108
26	0.2	1110	888	222	853.0	219.0	50	1072.0	1065.0	1077.0	3789.9	3542.3	4096.2	438505.0	427626.7	447962.6	8770.1	8552.5	8959.3	304537.7	321789.8	313440.6	119689.0	130182.0	124255.8	0.9605855855855856	0.9864864864864865	48.02927927927928	49.32432432432432	352.97364864864863	559.7108108108108	17648.68243243243	27985.54054054054	1.0269636576787808	3.894977168949772
27	0.2	1110	888	222	826.0	213.0	100	1040.0	1027.0	1049.0	3515.1	3197.2	3933.1	413841.8	395680.7	434197.1	8276.8	7914.9	8683.9	303160.8	335967.1	321165.3	89604.8	98665.3	93463.8	0.9301801801801802	0.9594594594594594	46.50900900900901	47.97297297297297	361.6726351351351	421.0081081081081	18083.631756756753	21050.405405405403	1.0314769975786924	3.8779342723004695
28	0.2	1110	888	222	788.0	204.0	150	992.0	964.2	1013.0	3142.4	2734.6	3633.3	431089.6	403541.3	467201.8	8621.8	8070.8	9344.0	322720.6	375156.5	347624.5	78894.8	91865.6	84564.9	0.8873873873873874	0.918918918918919	44.36936936936937	45.94594594594595	391.4690315315315	380.92297297297296	19573.451576576575	19046.148648648646	1.0355329949238579	3.8627450980392157
29	0.2	1110	888	222	712.5	184.0	200	898.0	840.5	950.8	2644.9	2299.9	3057.5	413120.2	357558.8	468190.9	8262.4	7153.7	9363.8	290579.1	380613.2	335746.4	67108.7	88562.2	77603.9	0.8023648648648649	0.8288288288288288	40.11824324324324	41.44144144144144	378.0927927927928	349.5671171171171	18904.639639639638	17478.355855855854	1.032982456140351	3.8722826086956523
30	0.2	1110	888	222	608.5	155.5	250	764.5	668.2	853.8	2102.7	1762.6	2449.7	329134.2	261176.4	393235.3	6582.7	5223.5	7869.0	213866.4	318666.1	266723.0	49950.7	73510.5	61981.5	0.6852477477477478	0.7004504504504504	34.262387387387385	35.02252252252252	300.36373873873873	279.19594594594594	15018.186936936936	13959.797297297297	1.0221857025472472	3.9131832797427655
31	0.2	1110	888	222	547.0	139.5	300	689.0	576.0	771.0	1575.1	1267.8	1985.4	257314.7	191683.2	321060.2	5146.3	3833.7	6421.2	153920.8	261014.2	208101.7	37003.7	60785.2	48643.5	0.615990990990991	0.6283783783783784	30.79954954954955	31.41891891891892	234.34876126126127	219.11486486486487	11717.438063063062	10955.743243243242	1.020109689213894	3.921146953405018
32	0.2	1110	888	222	490.5	124.0	350	608.5	498.0	727.5	1214.5	910.2	1584.3	199180.6	136299.8	263032.1	3983.6	2728.7	5264.0	110790.6	210662.3	159852.2	25945.2	50671.7	38421.5	0.5523648648648649	0.5585585585585585	27.618243243243246	27.927927927927925	180.01373873873874	173.06981981981983	9000.686936936936	8653.490990990991	1.0112130479102954	3.9556451612903225
33	0.2	1110	888	222	476.5	120.0	400	591.0	511.5	687.0	957.6	759.3	1290.3	170346.8	126843.5	217845.8	3406.9	2541.0	4356.9	102419.8	177293.6	137671.6	23924.5	42087.8	32104.5	0.5365990990990991	0.5405405405405406	26.829954954954953	27.027027027027028	155.03558558558558	144.61486486486487	7751.779279279279	7230.743243243242	1.007345225603358	3.970833333333333
34	0.2	1110	888	222	474.5	121.0	450	591.5	511.8	682.8	804.3	596.9	1054.9	155538.0	113817.5	196865.8	3113.8	2277.5	3937.3	92166.0	157305.4	125189.5	20999.4	37952.0	30017.5	0.5343468468468469	0.545045045045045	26.71734234234234	27.25225225225225	140.97916666666666	135.21396396396398	7048.958333333333	6760.698198198198	1.0200210748155953	3.9214876033057853
35	0.2	1110	888	222	483.0	121.0	500	603.5	526.2	696.8	691.9	541.1	892.2	137916.3	103329.4	175269.2	2762.0	2069.2	3508.5	82884.2	140777.7	111453.3	20598.2	35259.7	26858.1	0.543918918918919	0.545045045045045	27.195945945945947	27.25225225225225	125.51047297297298	120.98243243243243	6275.523648648648	6049.121621621621	1.002070393374741	3.9917355371900825
36	0.2	1110	888	222	495.5	128.0	550	623.0	565.8	710.5	632.2	507.6	809.2	140608.5	109437.2	173794.5	2818.3	2195.0	3480.5	87402.3	141045.0	112489.1	21417.5	34120.0	27391.5	0.5579954954954955	0.5765765765765766	27.899774774774777	28.82882882882883	126.67691441441443	123.38513513513513	6333.84572072072	6169.256756756757	1.0332996972754793	3.87109375
37	0.2	1110	888	222	529.5	132.5	600	662.5	584.5	737.5	573.0	430.0	795.8	134955.0	111341.3	168008.0	2699.1	2232.2	3364.9	88835.0	135618.7	108633.2	21358.5	32830.4	25995.2	0.5962837837837838	0.5968468468468469	29.81418918918919	29.84234234234234	122.33468468468467	117.0954954954955	6116.734234234234	5854.774774774774	1.0009442870632672	3.9962264150943394
38	0.2	1110	888	222	549.0	139.0	650	686.5	617.5	752.0	517.5	391.8	669.3	131011.7	105630.1	163671.6	2621.4	2112.6	3277.2	84556.5	131438.5	105712.6	20255.5	32185.4	25852.0	0.6182432432432432	0.6261261261261262	30.912162162162158	31.306306306306308	119.04572072072072	116.45045045045045	5952.2860360360355	5822.522522522522	1.0127504553734064	3.949640287769784
39	0.2	1110	888	222	558.0	139.5	700	696.0	631.8	777.2	454.0	348.2	590.9	123452.0	99756.8	157968.9	2470.4	2002.8	3161.6	79697.8	126919.6	99722.7	19714.5	30561.4	24835.3	0.6283783783783784	0.6283783783783784	31.41891891891892	31.41891891891892	112.30033783783783	111.87072072072071	5615.016891891892	5593.5360360360355	1.0	4.0
40	0.2	1110	888	222	594.0	150.0	750	746.5	664.8	811.0	457.1	333.1	561.1	132672.0	102783.2	165222.2	2655.4	2056.7	3304.4	82276.7	132519.9	105549.2	20579.2	32144.5	26186.9	0.668918918918919	0.6756756756756757	33.44594594594595	33.78378378378378	118.8617117117117	117.95900900900901	5943.085585585585	5897.95045045045	1.01010101010101	3.96
41	0.2	1110	888	222	608.0	154.5	800	764.5	691.8	832.5	416.8	326.1	545.6	137948.1	104942.8	163328.7	2759.0	2101.3	3267.1	84252.0	130768.4	110325.7	20616.8	32278.8	27330.0	0.6846846846846847	0.6959459459459459	34.234234234234236	34.7972972972973	124.24065315315315	123.10810810810811	6212.032657657657	6155.405405405405	1.0164473684210527	3.9352750809061487
42	0.2	1110	888	222	632.0	159.5	850	790.5	716.2	845.8	379.8	280.8	524.1	126804.4	99651.5	152514.3	2536.1	1998.5	3050.3	80058.3	121720.3	101071.6	19858.5	30680.9	24585.8	0.7117117117117117	0.7184684684684685	35.585585585585584	35.92342342342342	113.81936936936937	110.74684684684685	5690.968468468468	5537.342342342342	1.009493670886076	3.9623824451410656
43	0.2	1110	888	222	644.0	163.0	900	809.0	744.0	884.8	358.2	281.6	508.4	126243.4	107335.6	159821.5	2529.7	2146.7	3201.9	85873.5	128312.9	100811.3	20960.2	30833.7	25809.0	0.7252252252252253	0.7342342342342343	36.26126126126126	36.711711711711715	113.52623873873874	116.25675675675676	5676.311936936937	5812.8378378378375	1.0124223602484472	3.950920245398773
44	0.2	1110	888	222	679.5	172.5	950	849.5	789.0	932.0	369.9	293.8	484.0	134910.4	108525.4	164883.5	2698.2	2170.5	3297.7	87506.5	132657.8	108224.4	21251.8	32939.3	27160.2	0.7652027027027027	0.777027027027027	38.26013513513514	38.85135135135135	121.87432432432432	122.34324324324325	6093.716216216216	6117.162162162162	1.0154525386313464	3.9391304347826086
45	0.2	1110	888	222	710.5	177.0	1000	882.5	798.0	950.8	366.3	285.8	463.2	136530.4	109663.3	168722.6	2733.5	2193.8	3374.5	87893.6	134648.4	109809.5	21656.5	33416.3	26834.7	0.8001126126126126	0.7972972972972973	40.00563063063063	39.86486486486486	123.65934684684684	120.87702702702703	6182.967342342342	6043.851351351351	0.9964813511611541	4.0141242937853105
46	0.2	1110	888	222	712.5	181.0	1050	896.0	813.0	965.5	326.9	242.3	447.5	133898.4	104049.4	164237.0	2678.0	2081.0	3284.7	83097.3	131081.7	106935.4	20892.9	32824.5	26557.6	0.8023648648648649	0.8153153153153153	40.11824324324324	40.765765765765764	120.42274774774774	119.62882882882882	6021.137387387386	5981.4414414414405	1.016140350877193	3.93646408839779
47	0.2	1110	888	222	736.0	185.0	1100	921.5	846.5	981.5	302.4	241.6	425.5	129518.2	104420.4	153151.6	2590.4	2090.2	3063.0	84305.1	122993.9	103726.2	20744.4	30747.9	25140.5	0.8288288288288288	0.8333333333333334	41.44144144144144	41.666666666666664	116.80878378378378	113.24549549549549	5840.439189189188	5662.274774774774	1.0054347826086958	3.9783783783783786
48	0.2	1110	888	222	750.5	190.0	1150	941.0	862.0	996.8	295.9	225.8	395.9	133052.1	106624.2	159555.7	2667.8	2132.5	3191.1	84557.7	129579.2	106443.9	21363.9	31037.8	26338.7	0.8451576576576577	0.8558558558558559	42.25788288288288	42.792792792792795	119.86925675675676	118.64279279279279	5993.462837837837	5932.139639639639	1.0126582278481013	3.95
49	0.2	1110	888	222	749.5	189.0	1200	937.5	867.5	1002.8	286.1	210.1	411.2	122745.8	101585.0	152305.3	2456.5	2039.9	3047.4	82229.7	122135.4	99099.9	20231.9	29757.4	24373.4	0.8440315315315315	0.8513513513513513	42.20157657657658	42.567567567567565	111.59898648648648	109.7900900900901	5579.949324324323	5489.504504504504	1.0086724482988658	3.9656084656084656
50	0.4	1110	666	444	655.0	442.0	0	1097.0	1094.0	1100.0	3833.5	3535.3	4164.2	559802.5	547543.2	568539.4	11196.1	10950.9	11370.8	249732.7	261982.0	256828.6	294524.3	309568.6	301778.6	0.9834834834834835	0.9954954954954955	49.17417417417417	49.77477477477478	385.62852852852853	679.6815315315315	19281.426426426427	33984.07657657657	1.0122137404580154	1.4819004524886878
51	0.4	1110	666	444	650.0	441.0	50	1090.0	1086.2	1093.0	3720.9	3388.6	4148.0	485329.4	475164.0	493778.9	9706.6	9503.3	9875.6	228740.8	239647.0	234222.3	243650.1	257190.5	250122.8	0.975975975975976	0.9932432432432432	48.7987987987988	49.66216216216216	351.6851351351351	563.3396396396396	17584.256756756757	28166.98198198198	1.0176923076923077	1.473922902494331
52	0.4	1110	666	444	638.0	435.0	100	1073.0	1067.0	1079.0	3455.7	3175.6	3830.2	407430.2	397170.2	422383.3	8148.6	7947.8	8447.7	215039.1	232349.2	222784.5	179749.3	192798.8	186012.1	0.9579579579579579	0.9797297297297297	47.89789789789789	48.986486486486484	334.51126126126127	418.94617117117116	16725.563063063062	20947.308558558558	1.0227272727272727	1.4666666666666666
53	0.4	1110	666	444	626.0	426.0	150	1052.0	1036.2	1062.0	3080.6	2773.3	3506.6	407642.3	386533.4	427625.2	8152.8	7730.7	8552.5	230288.6	260233.9	243774.1	153824.5	171217.8	163335.6	0.93993993993994	0.9594594594594594	46.996996996997	47.97297297297297	366.0271771771772	367.872972972973	18301.358858858857	18393.648648648646	1.0207667731629393	1.4694835680751173
54	0.4	1110	666	444	607.0	411.0	200	1016.0	985.0	1041.0	2677.5	2365.7	3108.0	403028.0	371540.5	434518.8	8061.1	7430.8	8690.4	229795.3	270752.3	248161.5	141957.0	165779.4	154608.3	0.9114114114114115	0.9256756756756757	45.570570570570574	46.28378378378378	372.61486486486484	348.21689189189186	18630.743243243243	17410.844594594593	1.015650741350906	1.4768856447688565
55	0.4	1110	666	444	566.0	385.0	250	952.0	888.0	992.0	2422.7	2053.4	2797.2	387995.4	343552.9	435817.8	7759.9	6873.4	8716.4	210577.9	270059.5	241364.0	131091.4	163936.8	146590.1	0.8498498498498499	0.8671171171171171	42.492492492492495	43.35585585585586	362.40840840840843	330.1578828828829	18120.42042042042	16507.894144144142	1.0203180212014133	1.4701298701298702
56	0.4	1110	666	444	512.0	343.0	300	854.0	788.8	933.8	1898.9	1571.5	2352.0	328574.4	279484.7	384292.9	6571.5	5589.7	7685.9	174990.0	238204.1	202267.2	105567.0	146403.6	125801.1	0.7687687687687688	0.7725225225225225	38.43843843843844	38.626126126126124	303.70450450450454	283.3358108108108	15185.225225225226	14166.79054054054	1.0048828125	1.4927113702623906
57	0.4	1110	666	444	465.0	313.0	350	778.0	675.2	881.8	1536.5	1285.0	1879.7	272158.8	218230.0	330307.8	5445.9	4364.6	6608.2	132287.0	205309.1	168411.7	82348.3	125401.6	106143.9	0.6981981981981982	0.704954954954955	34.909909909909906	35.247747747747745	252.87042042042043	239.06283783783783	12643.521021021023	11953.14189189189	1.0096774193548388	1.4856230031948883
58	0.4	1110	666	444	446.0	299.0	400	741.5	625.0	839.5	1233.2	991.4	1538.9	225959.6	177475.7	283912.0	4522.9	3551.1	5684.1	107054.1	174991.8	138163.5	68901.8	109696.6	87593.2	0.6696696696696697	0.6734234234234234	33.48348348348348	33.67117117117117	207.4527027027027	197.28198198198197	10372.635135135135	9864.099099099098	1.0056053811659194	1.491638795986622
59	0.4	1110	666	444	425.5	288.0	450	709.5	631.2	817.0	1104.8	875.8	1405.2	200700.3	162300.2	260326.6	4017.5	3250.3	5206.5	100040.4	158792.2	125138.5	64245.6	100693.0	77625.0	0.6388888888888888	0.6486486486486487	31.944444444444443	32.432432432432435	187.89564564564566	174.8310810810811	9394.782282282282	8741.554054054053	1.0152761457109285	1.4774305555555556
60	0.4	1110	666	444	417.5	280.0	500	695.5	620.0	793.8	881.5	686.2	1133.7	185393.8	144877.8	231401.9	3710.3	2898.9	4628.0	86463.0	140875.6	113667.0	56947.0	89211.9	71363.8	0.6268768768768769	0.6306306306306306	31.343843843843842	31.53153153153153	170.67117117117118	160.7292792792793	8533.558558558558	8036.463963963964	1.0059880239520957	1.4910714285714286
61	0.4	1110	666	444	421.0	283.0	550	706.0	615.0	787.2	740.3	566.6	1006.9	161959.5	124342.9	213461.5	3239.2	2490.7	4271.4	75623.3	129882.0	100188.5	48124.3	83343.6	62243.0	0.6321321321321322	0.6373873873873874	31.606606606606608	31.86936936936937	150.4331831831832	140.18693693693695	7521.659159159159	7009.346846846846	1.0083135391923992	1.4876325088339222
62	0.4	1110	666	444	432.0	287.0	600	716.5	640.0	799.8	650.7	482.3	883.1	158114.7	125252.4	203486.9	3166.9	2505.0	4069.7	75125.4	125432.0	96017.6	50147.5	78906.9	63078.7	0.6486486486486487	0.6463963963963963	32.432432432432435	32.31981981981982	144.1705705705706	142.06914414414413	7208.528528528529	7103.457207207206	0.9965277777777777	1.505226480836237
63	0.4	1110	666	444	434.5	287.0	650	721.0	653.0	794.5	608.9	435.6	786.9	150651.7	119735.3	191148.3	3013.0	2395.7	3824.5	72587.1	116532.5	91822.6	47439.0	74841.4	59355.8	0.6524024024024024	0.6463963963963963	32.62012012012012	32.31981981981982	137.8717717717718	133.68423423423425	6893.588588588589	6684.211711711711	0.9907940161104717	1.5139372822299653
64	0.4	1110	666	444	445.0	297.5	700	742.0	669.0	822.8	537.4	407.1	721.4	150098.2	116501.8	192183.4	3005.8	2335.1	3844.8	70762.1	117497.1	91143.8	45460.3	74249.3	59290.7	0.6681681681681682	0.670045045045045	33.408408408408405	33.50225225225225	136.85255255255257	133.5376126126126	6842.627627627628	6676.88063063063	1.002808988764045	1.495798319327731
65	0.4	1110	666	444	471.5	313.0	750	781.0	696.0	856.0	489.9	380.4	661.8	150963.0	114498.8	184397.8	3021.6	2290.2	3688.2	69579.2	111840.2	91381.6	45370.3	73148.4	59818.0	0.7079579579579579	0.704954954954955	35.39789789789789	35.247747747747745	137.20960960960963	134.72522522522522	6860.480480480481	6736.261261261261	0.9957582184517498	1.5063897763578276
66	0.4	1110	666	444	475.0	319.0	800	794.5	709.5	863.8	469.3	364.0	645.7	149180.5	119354.6	183668.0	2983.6	2387.1	3673.4	71663.8	111276.5	91120.0	47053.8	71882.2	59157.1	0.7132132132132132	0.7184684684684685	35.66066066066066	35.92342342342342	136.8168168168168	133.2367117117117	6840.84084084084	6661.835585585585	1.0073684210526317	1.4890282131661443
67	0.4	1110	666	444	486.5	327.5	850	818.0	739.0	883.8	446.6	334.1	599.8	144135.0	114174.5	174898.5	2890.5	2284.3	3505.6	67912.5	106431.2	87469.8	45536.5	69616.2	56981.4	0.7304804804804805	0.7376126126126126	36.52402402402402	36.88063063063063	131.33603603603603	128.33648648648648	6566.801801801802	6416.824324324324	1.0097636176772866	1.4854961832061069
68	0.4	1110	666	444	504.0	339.5	900	847.0	768.2	903.8	401.3	311.1	530.0	141618.8	115639.9	170582.2	2836.9	2316.4	3411.6	70342.8	101912.0	85114.1	45914.2	67519.0	55950.4	0.7567567567567568	0.7646396396396397	37.83783783783784	38.23198198198198	127.79894894894896	126.01441441441442	6389.947447447447	6300.72072072072	1.0104166666666667	1.4845360824742269
69	0.4	1110	666	444	521.0	352.0	950	874.0	791.0	929.0	375.3	293.8	487.6	143475.8	112522.0	173529.4	2871.2	2255.8	3471.5	67933.0	104938.2	85689.5	44893.2	69454.8	57792.2	0.7822822822822822	0.7927927927927928	39.11411411411411	39.63963963963964	128.6629129129129	130.1626126126126	6433.145645645645	6508.13063063063	1.013435700575816	1.4801136363636365
70	0.4	1110	666	444	536.0	359.0	1000	893.0	824.5	960.8	369.5	279.1	522.6	147151.0	114497.7	173096.6	2943.0	2290.0	3462.9	68383.3	105356.9	87674.8	46206.4	68947.7	57577.5	0.8048048048048048	0.8085585585585585	40.24024024024024	40.427927927927925	131.64384384384385	129.67905405405406	6582.192192192192	6483.9527027027025	1.0046641791044777	1.4930362116991645
71	0.4	1110	666	444	547.5	366.5	1050	912.5	835.2	973.0	337.9	267.3	459.2	145701.5	116318.9	178160.7	2914.0	2326.4	3566.6	69701.7	107322.8	88069.0	46161.9	70525.6	58062.1	0.8220720720720721	0.8254504504504504	41.1036036036036	41.27252252252252	132.23573573573574	130.77049549549548	6611.786786786786	6538.524774774774	1.0041095890410958	1.4938608458390177
72	0.4	1110	666	444	554.0	371.0	1100	927.0	845.0	996.8	327.5	246.1	448.2	141401.8	108145.8	173777.3	2828.0	2164.9	3478.7	64412.1	105641.4	85836.7	43165.2	69738.9	55288.4	0.8318318318318318	0.8355855855855856	41.591591591591595	41.77927927927928	128.88393393393392	124.52342342342342	6444.196696696697	6226.1711711711705	1.0045126353790614	1.4932614555256065
73	0.4	1110	666	444	561.0	376.5	1150	938.0	874.2	1001.8	335.1	250.7	440.9	136276.2	113525.2	170057.8	2725.5	2271.5	3401.2	68351.6	101711.7	82553.6	45273.8	68137.4	53427.9	0.8423423423423423	0.847972972972973	42.11711711711711	42.39864864864865	123.95435435435436	120.3331081081081	6197.717717717718	6016.655405405405	1.0066844919786098	1.4900398406374502
74	0.4	1110	666	444	571.0	381.0	1200	948.0	886.2	1009.8	310.5	240.0	386.1	134608.5	113941.6	164754.3	2696.4	2280.8	3295.1	68004.1	98537.1	80893.2	45889.7	65910.5	53762.2	0.8573573573573574	0.8581081081081081	42.86786786786787	42.9054054054054	121.46126126126126	121.08603603603603	6073.063063063063	6054.301801801801	1.000875656742557	1.4986876640419948
75	0.6	1110	444	666	439.0	665.0	0	1103.0	1101.2	1105.0	3855.0	3572.7	4190.0	623779.8	613407.7	632594.6	12475.6	12268.2	12651.9	165912.9	176088.9	171420.6	442987.9	458877.2	450894.3	0.9887387387387387	0.9984984984984985	49.43693693693694	49.92492492492492	386.0824324324324	677.0184684684684	19304.12162162162	33850.923423423425	1.0098709187547457	0.6601503759398496
76	0.6	1110	444	666	437.0	663.0	50	1100.0	1097.0	1102.0	3710.5	3377.7	3983.6	534747.8	524097.7	546600.2	10695.0	10482.0	10932.0	150764.1	161190.2	155949.9	370727.9	387280.1	379078.1	0.9842342342342343	0.9954954954954955	49.211711711711715	49.77477477477478	351.2385135135135	569.1863363363364	17561.925675675673	28459.316816816816	1.011441647597254	0.6591251885369532
77	0.6	1110	444	666	432.0	659.0	100	1090.0	1085.2	1094.0	3394.3	3163.1	3740.6	421433.6	410796.7	431619.0	8428.7	8215.9	8632.4	136577.7	147315.9	142238.3	272201.4	285297.4	278612.6	0.972972972972973	0.9894894894894894	48.64864864864865	49.47447447447447	320.3565315315315	418.3372372372372	16017.826576576574	20916.86186186186	1.0169753086419753	0.6555386949924128
78	0.6	1110	444	666	428.0	651.0	150	1079.0	1071.0	1085.0	3075.1	2801.1	3477.1	382072.4	366551.1	395734.4	7642.6	7331.0	7915.4	139933.6	154355.9	147449.4	224531.8	242582.5	234267.4	0.963963963963964	0.9774774774774775	48.1981981981982	48.873873873873876	332.09324324324325	351.75285285285287	16604.66216216216	17587.64264264264	1.014018691588785	0.6574500768049155
79	0.6	1110	444	666	422.0	641.0	200	1061.0	1045.0	1073.0	2777.9	2454.0	3100.3	374668.8	353576.8	395921.4	7493.4	7071.5	7918.4	144390.1	164167.7	154036.5	208540.3	232060.6	220482.7	0.9504504504504504	0.9624624624624625	47.52252252252252	48.12312312312312	346.92905405405406	331.0551051051051	17346.4527027027	16552.755255255255	1.0126382306477093	0.6583463338533542
80	0.6	1110	444	666	410.0	622.0	250	1030.0	996.0	1054.8	2477.7	2188.5	2948.6	368746.7	342320.6	404390.3	7374.9	6846.4	8087.8	141734.7	172449.9	154214.1	197999.7	231937.5	213402.9	0.9234234234234234	0.933933933933934	46.17117117117117	46.6966966966967	347.32905405405404	320.4247747747748	17366.452702702703	16021.238738738737	1.0113821138211383	0.6591639871382636
81	0.6	1110	444	666	391.5	591.0	300	982.0	922.0	1022.5	2200.7	1873.7	2549.0	355580.9	318787.1	394779.1	7111.6	6377.9	7895.6	135882.9	168692.1	153014.6	182433.0	225806.8	205232.6	0.8817567567567568	0.8873873873873874	44.08783783783784	44.36936936936937	344.6274774774775	308.15705705705705	17231.373873873872	15407.852852852853	1.0063856960408684	0.6624365482233503
82	0.6	1110	444	666	363.0	545.0	350	908.0	824.8	976.0	1819.4	1494.2	2181.1	321689.9	274438.7	362423.7	6433.8	5488.8	7248.5	114007.7	153941.7	135575.9	159002.1	209564.0	186002.8	0.8175675675675675	0.8183183183183184	40.87837837837838	40.91591591591592	305.35112612612613	279.28348348348345	15267.556306306304	13964.174174174173	1.0009182736455464	0.6660550458715596
83	0.6	1110	444	666	350.0	524.0	400	872.0	799.0	936.2	1474.0	1200.4	1831.8	276232.2	237195.2	337772.4	5524.6	4750.8	6755.4	97757.7	139540.0	116614.5	137406.8	193364.6	160684.4	0.7882882882882883	0.7867867867867868	39.414414414414416	39.33933933933934	262.64527027027026	241.26786786786786	13132.263513513511	12063.393393393393	0.998095238095238	0.6679389312977099
84	0.6	1110	444	666	332.5	500.5	450	832.0	737.8	908.8	1283.8	1038.3	1666.4	248666.2	200080.3	308562.3	4973.3	4007.3	6171.2	83520.0	128020.0	104435.5	116159.3	179976.5	144037.0	0.7488738738738738	0.7515015015015015	37.44369369369369	37.57507507507508	235.2150900900901	216.27177177177177	11760.754504504503	10813.58858858859	1.0035087719298246	0.6643356643356644
85	0.6	1110	444	666	317.0	474.5	500	792.5	688.0	884.0	1056.0	820.7	1391.5	213087.3	167254.0	272394.5	4261.7	3345.1	5453.9	69884.4	114417.3	87715.4	98627.5	158518.0	126020.9	0.713963963963964	0.7124624624624625	35.6981981981982	35.62312312312312	197.5572072072072	189.22057057057057	9877.860360360359	9461.028528528528	0.9978969505783386	0.6680716543730242
86	0.6	1110	444	666	314.0	469.0	550	783.0	693.0	859.8	937.1	727.9	1200.6	205566.0	163049.1	245945.2	4114.1	3262.2	4925.9	66323.8	102122.8	85132.9	94298.7	144063.1	120423.9	0.7072072072072072	0.7042042042042042	35.36036036036036	35.21021021021021	191.74076576576576	180.81666666666666	9587.038288288286	9040.833333333332	0.9957537154989383	0.6695095948827292
87	0.6	1110	444	666	315.5	475.0	600	792.5	707.5	869.8	839.4	635.3	1062.2	193062.1	161022.0	236564.8	3861.2	3220.4	4731.3	66758.6	96814.0	80160.0	93649.9	138506.2	114595.0	0.7105855855855856	0.7132132132132132	35.52927927927928	35.66066066066066	180.54054054054055	172.06456456456456	9027.027027027027	8603.228228228229	1.0036978341257263	0.6642105263157895
88	0.6	1110	444	666	308.0	463.5	650	773.0	691.0	844.5	712.5	551.2	885.8	178118.9	144487.7	216694.9	3564.6	2895.0	4333.9	58663.2	89137.5	72976.4	85386.5	125441.8	103745.6	0.6936936936936937	0.6959459459459459	34.68468468468468	34.7972972972973	164.36126126126126	155.7741741741742	8218.063063063062	7788.708708708709	1.0032467532467533	0.6645091693635383
89	0.6	1110	444	666	321.0	482.0	700	800.0	723.2	882.8	639.3	457.6	826.3	168331.0	135347.8	209968.8	3366.6	2707.0	4204.7	55092.2	84462.1	68378.5	80520.0	121845.2	100106.3	0.722972972972973	0.7237237237237237	36.14864864864865	36.186186186186184	154.00563063063063	150.30975975975977	7700.281531531531	7515.487987987988	1.0010384215991692	0.6659751037344398
90	0.6	1110	444	666	321.5	484.5	750	801.0	729.5	883.0	564.7	406.2	771.1	163347.2	130761.8	197952.8	3269.5	2615.2	3963.6	52638.5	81737.4	65783.3	78405.5	115827.9	97034.6	0.7240990990990991	0.7274774774774775	36.20495495495496	36.373873873873876	148.16058558558558	145.6975975975976	7408.029279279279	7284.87987987988	1.0046656298600312	0.6635706914344686
91	0.6	1110	444	666	329.0	492.5	800	821.0	752.5	903.8	558.6	400.0	767.2	160288.2	131149.9	203816.8	3205.8	2623.0	4076.3	54104.4	82694.0	65702.3	75281.9	120836.8	95101.0	0.740990990990991	0.7394894894894894	37.049549549549546	36.97447447447447	147.97815315315316	142.7942942942943	7398.907657657657	7139.714714714714	0.9979736575481256	0.6680203045685279
92	0.6	1110	444	666	333.0	498.0	850	831.5	747.5	917.2	484.7	360.1	654.0	155888.9	127635.6	193217.9	3120.8	2552.7	3864.4	51405.4	78084.5	63061.4	75452.6	115274.8	92855.5	0.75	0.7477477477477478	37.5	37.387387387387385	142.0301801801802	139.42267267267266	7101.509009009009	6971.1336336336335	0.9969969969969971	0.6686746987951807
93	0.6	1110	444	666	345.0	516.0	900	858.5	786.2	928.8	433.7	336.8	599.0	157250.5	128971.7	186928.1	3151.0	2580.7	3738.6	53050.4	75627.0	64608.5	76243.6	110644.4	93184.6	0.777027027027027	0.7747747747747747	38.85135135135135	38.73873873873874	145.51463963963963	139.91681681681683	7275.731981981981	6995.840840840841	0.9971014492753624	0.6686046511627907
94	0.6	1110	444	666	351.5	527.0	950	880.5	813.2	956.0	442.9	333.4	572.2	161034.3	130408.9	191818.0	3226.2	2613.2	3843.2	52920.5	78407.8	65063.0	77135.7	114341.8	95569.3	0.7916666666666666	0.7912912912912913	39.58333333333333	39.56456456456456	146.5382882882883	143.49744744744746	7326.914414414414	7174.872372372372	0.9995258416311048	0.6669829222011385
95	0.6	1110	444	666	353.0	529.0	1000	880.0	799.5	958.5	384.8	290.5	534.4	147465.3	123404.2	181191.1	2949.3	2468.1	3623.8	49970.3	73751.4	59580.2	72619.6	108345.5	88400.8	0.795045045045045	0.7942942942942943	39.75225225225225	39.71471471471472	134.18963963963964	132.73393393393394	6709.481981981981	6636.696696696697	0.9990557129367328	0.667296786389414
96	0.6	1110	444	666	361.0	543.5	1050	904.0	841.0	969.8	403.4	304.3	538.2	151812.5	118286.3	178135.4	3036.2	2365.7	3564.3	48158.2	73175.2	60868.2	70728.7	107044.0	90874.9	0.8130630630630631	0.816066066066066	40.653153153153156	40.8033033033033	137.09054054054053	136.44879879879878	6854.527027027026	6822.439939939939	1.0036934441366574	0.6642134314627415
97	0.6	1110	444	666	376.0	565.0	1100	941.5	856.2	1006.0	382.6	297.7	527.9	157047.4	132206.2	186371.1	3140.9	2644.1	3733.6	53628.7	75478.2	63518.9	77729.4	111237.1	94466.2	0.8468468468468469	0.8483483483483484	42.34234234234234	42.41741741741742	143.06058558558559	141.84114114114115	7153.029279279279	7092.057057057057	1.00177304964539	0.6654867256637168
98	0.6	1110	444	666	384.0	574.0	1150	954.5	868.0	1015.8	362.1	284.4	491.5	154147.6	128605.3	180967.3	3083.0	2572.1	3619.3	52277.1	73685.9	62552.0	76555.0	107300.7	91829.9	0.8648648648648649	0.8618618618618619	43.24324324324324	43.093093093093096	140.88288288288288	137.88273273273273	7044.144144144144	6894.1366366366365	0.9965277777777777	0.6689895470383276
99	0.6	1110	444	666	385.0	579.0	1200	964.0	894.5	1021.8	360.2	265.3	496.0	149853.0	122551.5	176846.0	2997.1	2451.5	3539.0	49195.2	71816.7	60344.9	72892.8	105788.9	89457.1	0.8671171171171171	0.8693693693693694	43.35585585585586	43.468468468468465	135.91193693693694	134.31996996996997	6795.596846846846	6715.9984984984985	1.0025974025974025	0.6649395509499136
100	0.8	1110	222	888	220.0	887.0	0	1107.0	1105.2	1108.0	3837.1	3546.2	4318.6	688990.6	679561.2	698784.5	13779.8	13591.2	13975.7	82532.0	89409.2	86282.7	592889.5	612290.5	603205.7	0.990990990990991	0.9988738738738738	49.549549549549546	49.94369369369369	388.6608108108108	679.2856981981981	19433.04054054054	33964.284909909904	1.0079545454545453	0.2480270574971815
101	0.8	1110	222	888	220.0	886.0	50	1105.0	1103.0	1107.0	3722.7	3406.6	4059.9	590299.8	579655.9	601776.0	11806.0	11593.1	12035.5	75225.7	82227.7	78317.2	502015.7	522152.9	511394.2	0.990990990990991	0.9977477477477478	49.549549549549546	49.887387387387385	352.78018018018014	575.8943693693694	17639.009009009005	28794.718468468465	1.0068181818181818	0.24830699774266365
102	0.8	1110	222	888	218.0	882.0	100	1100.0	1097.0	1103.0	3402.6	3120.5	3753.2	448309.0	439040.1	457444.4	8966.2	8780.8	9148.9	66358.9	72426.4	68978.6	371369.5	387513.5	378818.3	0.9819819819819819	0.9932432432432432	49.0990990990991	49.66216216216216	310.7144144144144	426.5971846846847	15535.720720720721	21329.85923423423	1.011467889908257	0.2471655328798186
103	0.8	1110	222	888	217.0	877.0	150	1094.0	1090.0	1098.0	3143.7	2838.8	3472.3	370979.3	360811.4	382852.3	7424.8	7219.3	7657.0	64108.0	71751.5	67748.9	295271.2	313019.7	303711.8	0.9774774774774775	0.9876126126126126	48.873873873873876	49.38063063063063	305.1752252252252	342.01779279279276	15258.76126126126	17100.889639639638	1.01036866359447	0.24743443557582667
104	0.8	1110	222	888	215.0	870.5	200	1086.0	1079.0	1092.8	2826.3	2441.2	3144.0	346678.7	334284.2	362845.9	6933.6	6685.7	7256.9	66505.9	74968.8	70615.8	265510.7	288638.4	277115.5	0.9684684684684685	0.9802927927927928	48.42342342342342	49.01463963963964	318.0891891891892	312.0670045045045	15904.459459459458	15603.350225225224	1.0122093023255814	0.2469844916714532
105	0.8	1110	222	888	214.0	861.0	250	1074.5	1059.0	1085.8	2578.2	2207.7	2887.0	341404.9	322230.6	358434.9	6828.1	6444.9	7168.7	67462.2	78244.8	71937.6	253224.8	283058.2	269618.7	0.963963963963964	0.9695945945945946	48.1981981981982	48.47972972972973	324.0432432432433	303.62466216216217	16202.162162162162	15181.233108108107	1.0058411214953271	0.24854819976771197
106	0.8	1110	222	888	209.0	842.5	300	1052.0	1022.0	1071.0	2272.5	1926.4	2683.2	339942.8	311577.3	365080.7	6804.0	6231.5	7301.6	66917.9	79973.3	73063.2	244428.3	285708.2	264282.8	0.9414414414414415	0.9487612612612613	47.072072072072075	47.43806306306306	329.1135135135135	297.61576576576573	16455.675675675673	14880.788288288286	1.0077751196172249	0.24807121661721068
107	0.8	1110	222	888	204.0	819.5	350	1023.0	984.0	1055.0	1985.2	1661.1	2455.8	322488.2	299910.7	363936.4	6451.6	6001.2	7278.7	63941.4	80166.8	70724.4	233354.6	283490.8	252214.5	0.918918918918919	0.9228603603603603	45.94594594594595	46.14301801801802	318.5783783783784	284.0253378378378	15928.918918918916	14201.26689189189	1.0042892156862744	0.24893227577791335
108	0.8	1110	222	888	195.0	789.0	400	984.0	913.2	1042.5	1707.3	1447.1	2052.5	303605.1	268785.6	339602.6	6072.1	5381.0	6798.0	57454.0	74270.2	64989.4	210825.5	266596.8	235952.2	0.8783783783783784	0.8885135135135135	43.91891891891892	44.42567567567567	292.74504504504506	265.7119369369369	14637.25225225225	13285.596846846845	1.0115384615384615	0.24714828897338403
109	0.8	1110	222	888	192.0	769.0	450	961.0	881.8	1023.8	1516.6	1255.9	1823.8	289668.0	252179.4	326028.2	5797.5	5043.6	6520.6	52852.7	70908.3	61921.2	197191.0	255128.1	226303.6	0.8648648648648649	0.865990990990991	43.24324324324324	43.299549549549546	278.9243243243243	254.84639639639641	13946.216216216215	12742.319819819819	1.0013020833333333	0.24967490247074123
110	0.8	1110	222	888	184.0	736.0	500	916.5	848.2	1000.0	1310.7	1047.9	1606.6	264267.3	233014.6	305751.3	5287.5	4660.3	6116.8	48345.1	65478.2	56024.4	185256.1	240102.6	207452.2	0.8288288288288288	0.8288288288288288	41.44144144144144	41.44144144144144	252.36216216216218	233.61734234234237	12618.108108108107	11680.867117117117	1.0	0.25
111	0.8	1110	222	888	180.0	725.0	550	902.0	812.0	975.0	1149.6	918.2	1437.7	245923.4	211307.7	284720.1	4918.5	4226.4	5696.2	43475.3	60873.9	51742.6	166843.9	223415.8	192980.9	0.8108108108108109	0.8164414414414415	40.54054054054054	40.822072072072075	233.07477477477477	217.32083333333333	11653.738738738737	10866.041666666666	1.0069444444444444	0.2482758620689655
112	0.8	1110	222	888	175.0	704.0	600	878.0	793.8	965.2	960.5	769.4	1250.9	233075.1	185046.8	267275.0	4661.5	3708.1	5345.5	39259.9	56360.2	49165.5	146203.2	210276.0	184776.3	0.7882882882882883	0.7927927927927928	39.414414414414416	39.63963963963964	221.46621621621622	208.0814189189189	11073.31081081081	10404.070945945945	1.0057142857142856	0.24857954545454544
113	0.8	1110	222	888	175.0	699.5	650	877.0	774.5	951.5	899.5	681.1	1183.9	216859.5	171030.5	252272.7	4337.2	3422.7	5045.5	36227.3	53524.4	45616.4	135710.5	198069.9	170482.6	0.7882882882882883	0.7877252252252253	39.414414414414416	39.38626126126126	205.4792792792793	191.98490990990993	10273.963963963963	9599.245495495496	0.9992857142857142	0.25017869907076484
114	0.8	1110	222	888	177.0	701.0	700	878.0	794.2	945.8	802.2	633.5	1056.4	207922.3	170761.2	245163.2	4158.4	3416.9	4912.9	35441.1	51776.8	43204.2	134096.3	194354.7	163948.0	0.7972972972972973	0.7894144144144144	39.86486486486486	39.47072072072072	194.6135135135135	184.62612612612614	9730.675675675675	9231.306306306305	0.9901129943502825	0.2524964336661912
115	0.8	1110	222	888	174.5	692.0	750	868.0	791.0	948.0	706.5	542.8	922.9	194811.3	161003.9	233211.7	3898.8	3220.5	4665.3	33210.0	48317.6	40266.0	127263.2	185160.3	154413.9	0.786036036036036	0.7792792792792793	39.3018018018018	38.96396396396396	181.3783783783784	173.88952702702701	9068.918918918918	8694.47635135135	0.9914040114613182	0.25216763005780346
116	0.8	1110	222	888	174.0	693.5	800	866.0	804.0	940.0	595.1	457.0	803.7	184490.9	149024.7	216735.2	3693.2	2982.1	4334.7	30863.2	45362.0	38040.7	117674.2	171574.1	146160.4	0.7837837837837838	0.7809684684684685	39.189189189189186	39.04842342342342	171.3545045045045	164.59504504504503	8567.725225225224	8229.75225225225	0.9964080459770115	0.250901225666907
117	0.8	1110	222	888	179.0	719.5	850	893.5	817.2	968.8	602.1	473.8	763.1	186682.1	152403.2	221283.3	3733.6	3048.1	4425.7	31814.8	45082.2	38253.9	121298.5	174524.7	147975.1	0.8063063063063063	0.8102477477477478	40.31531531531532	40.512387387387385	172.31486486486486	166.63862612612613	8615.743243243243	8331.931306306305	1.0048882681564246	0.24878387769284224
118	0.8	1110	222	888	181.0	727.0	900	907.0	823.2	985.5	549.7	419.3	699.6	175158.8	146220.6	212928.7	3506.6	2924.4	4258.6	30266.2	44022.8	35737.0	115263.8	167752.0	140258.4	0.8153153153153153	0.8186936936936937	40.765765765765764	40.93468468468468	160.97747747747746	157.94864864864863	8048.873873873873	7897.432432432432	1.0041436464088398	0.24896836313617607
119	0.8	1110	222	888	183.0	730.0	950	913.5	825.0	981.0	518.6	387.9	683.0	182385.6	148823.2	214235.9	3647.7	2979.3	4284.7	30790.5	43442.1	37045.2	117601.7	168833.9	145213.0	0.8243243243243243	0.8220720720720721	41.21621621621622	41.1036036036036	166.87027027027025	163.52815315315314	8343.513513513511	8176.407657657657	0.9972677595628415	0.25068493150684934
120	0.8	1110	222	888	188.0	745.5	1000	932.0	871.0	1002.8	477.4	358.2	635.0	174329.9	143882.7	208429.2	3489.7	2879.2	4168.6	29362.5	42880.9	35902.4	115085.6	164995.6	138801.7	0.8468468468468469	0.839527027027027	42.34234234234234	41.97635135135135	161.72252252252252	156.30822072072073	8086.126126126126	7815.411036036036	0.9913563829787233	0.25217974513749164
121	0.8	1110	222	888	191.0	767.0	1050	958.0	874.5	1015.8	437.7	339.4	600.3	172912.3	143952.3	200400.6	3458.2	2879.5	4008.0	29180.9	40845.9	35673.3	114620.0	158996.8	136711.5	0.8603603603603603	0.8637387387387387	43.01801801801802	43.18693693693694	160.69054054054055	153.9543918918919	8034.527027027027	7697.719594594594	1.0039267015706808	0.24902216427640156
122	0.8	1110	222	888	191.0	766.0	1100	958.0	901.5	1008.5	428.9	334.1	613.9	174878.8	143445.0	205092.0	3497.6	2872.5	4105.7	28850.6	42660.2	36110.2	114684.6	162394.8	138496.1	0.8603603603603603	0.8626126126126126	43.01801801801802	43.13063063063063	162.65855855855855	155.9640765765766	8132.927927927926	7798.203828828829	1.0026178010471203	0.24934725848563968
123	0.8	1110	222	888	193.0	777.0	1150	972.0	884.0	1030.8	408.1	315.2	578.5	167069.7	134369.1	193707.5	3341.4	2695.1	3874.2	27160.4	39744.7	34047.3	107441.7	154451.5	132725.3	0.8693693693693694	0.875	43.468468468468465	43.75	153.36621621621623	149.46542792792792	7668.310810810811	7473.271396396395	1.0064766839378239	0.2483912483912484
124	0.8	1110	222	888	195.0	775.0	1200	969.0	923.8	1029.0	410.9	312.2	553.6	167194.7	144794.6	198031.2	3346.3	2895.9	3960.6	29521.6	40208.0	34438.7	115862.1	157629.4	133334.2	0.8783783783783784	0.8727477477477478	43.91891891891892	43.637387387387385	155.12927927927927	150.15112612612614	7756.463963963963	7507.556306306306	0.9935897435897436	0.25161290322580643
125	1.0	1110	0	1110	0.0	1109.0	0	1109.0	1108.0	1110.0	3840.0	3553.5	4158.5	753421.7	743626.9	766709.9	15068.4	14872.5	15334.2	0.0	0.0	0.0	743626.9	766709.9	753421.7		0.9990990990990991		49.95495495495496		678.7582882882882		33937.914414414416		0.0
126	1.0	1110	0	1110	0.0	1108.0	50	1108.0	1107.0	1109.0	3732.4	3423.3	4051.8	650480.6	640908.7	660032.4	13009.6	12818.2	13200.6	0.0	0.0	0.0	640908.7	660032.4	650480.6		0.9981981981981982		49.909909909909906		586.0185585585585		29300.92792792793		0.0
127	1.0	1110	0	1110	0.0	1106.0	100	1106.0	1104.0	1108.0	3389.8	3106.4	3688.0	487570.1	477989.7	498880.5	9751.4	9559.8	9977.6	0.0	0.0	0.0	477989.7	498880.5	487570.1		0.9963963963963964		49.81981981981982		439.25234234234233		21962.617117117115		0.0
128	1.0	1110	0	1110	0.0	1102.5	150	1102.5	1100.0	1105.0	3121.0	2815.9	3439.3	384635.2	375974.6	394208.9	7692.7	7519.5	7884.2	0.0	0.0	0.0	375974.6	394208.9	384635.2		0.9932432432432432		49.66216216216216		346.5181981981982		17325.90990990991		0.0
129	1.0	1110	0	1110	0.0	1099.0	200	1099.0	1094.0	1102.0	2742.3	2480.4	3060.1	334701.7	324073.7	343943.8	6694.0	6481.5	6878.9	0.0	0.0	0.0	324073.7	343943.8	334701.7		0.9900900900900901		49.5045045045045		301.5330630630631		15076.653153153155		0.0
130	1.0	1110	0	1110	0.0	1094.0	250	1094.0	1088.0	1099.0	2465.0	2226.2	2801.2	316550.4	304144.1	331465.9	6331.0	6086.2	6629.3	0.0	0.0	0.0	304144.1	331465.9	316550.4		0.9855855855855856		49.27927927927928		285.18054054054056		14259.027027027028		0.0
131	1.0	1110	0	1110	0.0	1087.0	300	1087.0	1078.0	1095.0	2276.2	1977.4	2601.8	310840.9	296431.4	327302.1	6216.8	5928.6	6546.0	0.0	0.0	0.0	296431.4	327302.1	310840.9		0.9792792792792793		48.96396396396396		280.03684684684686		14001.842342342345		0.0
132	1.0	1110	0	1110	0.0	1079.0	350	1079.0	1054.0	1092.0	2058.5	1776.5	2352.5	307548.7	289636.2	326644.5	6151.0	5794.2	6532.9	0.0	0.0	0.0	289636.2	326644.5	307548.7		0.972072072072072		48.6036036036036		277.07090090090094		13853.545045045046		0.0
133	1.0	1110	0	1110	0.0	1057.0	400	1057.0	1018.2	1084.0	1811.0	1494.5	2174.1	299601.2	276213.4	333151.6	5992.0	5524.3	6663.0	0.0	0.0	0.0	276213.4	333151.6	299601.2		0.9522522522522523		47.612612612612615		269.910990990991		13495.54954954955		0.0
134	1.0	1110	0	1110	0.0	1037.5	450	1037.5	994.0	1074.0	1592.1	1322.9	1923.6	290005.2	270877.3	319299.5	5805.4	5417.5	6386.0	0.0	0.0	0.0	270877.3	319299.5	290005.2		0.9346846846846847		46.734234234234236		261.26594594594593		13063.297297297298		0.0
135	1.0	1110	0	1110	0.0	1012.0	500	1012.0	945.0	1055.8	1444.7	1206.9	1750.0	281011.7	249940.0	306902.5	5624.0	5001.1	6139.3	0.0	0.0	0.0	249940.0	306902.5	281011.7		0.9117117117117117		45.585585585585584		253.16369369369372		12658.184684684686		0.0
136	1.0	1110	0	1110	0.0	997.0	550	997.0	924.2	1046.5	1292.3	1047.5	1586.6	268276.4	236438.0	302599.9	5365.5	4737.4	6052.0	0.0	0.0	0.0	236438.0	302599.9	268276.4		0.8981981981981982		44.90990990990991		241.69045045045047		12084.522522522524		0.0
137	1.0	1110	0	1110	0.0	955.5	600	955.5	890.0	1027.8	1182.2	962.6	1533.3	255119.4	217640.0	289880.1	5102.4	4360.7	5797.6	0.0	0.0	0.0	217640.0	289880.1	255119.4		0.8608108108108108		43.04054054054054		229.83729729729728		11491.864864864865		0.0
138	1.0	1110	0	1110	0.0	961.0	650	961.0	887.2	1017.0	1035.0	858.2	1284.2	242461.6	208160.0	277916.9	4849.2	4165.2	5558.3	0.0	0.0	0.0	208160.0	277916.9	242461.6		0.8657657657657658		43.28828828828829		218.4338738738739		10921.693693693695		0.0
139	1.0	1110	0	1110	0.0	931.0	700	931.0	852.0	996.8	946.0	737.5	1187.8	229680.5	194086.1	262970.9	4593.6	3883.8	5268.8	0.0	0.0	0.0	194086.1	262970.9	229680.5		0.8387387387387387		41.93693693693694		206.91936936936938		10345.968468468469		0.0
140	1.0	1110	0	1110	0.0	937.0	750	937.0	860.0	1005.0	862.5	678.1	1055.3	223410.3	186221.4	257187.8	4468.2	3724.4	5150.1	0.0	0.0	0.0	186221.4	257187.8	223410.3		0.8441441441441442		42.20720720720721		201.27054054054054		10063.527027027027		0.0
141	1.0	1110	0	1110	0.0	950.0	800	950.0	881.5	1011.8	768.3	589.8	1003.9	219373.5	183933.9	253310.8	4393.7	3685.0	5068.6	0.0	0.0	0.0	183933.9	253310.8	219373.5		0.8558558558558559		42.792792792792795		197.63378378378377		9881.68918918919		0.0
142	1.0	1110	0	1110	0.0	936.0	850	936.0	865.0	1000.8	726.4	534.9	981.7	211097.0	177086.3	239648.5	4221.9	3547.2	4793.1	0.0	0.0	0.0	177086.3	239648.5	211097.0		0.8432432432432433		42.16216216216216		190.17747747747748		9508.873873873874		0.0
143	1.0	1110	0	1110	0.0	941.5	900	941.5	875.2	1003.8	647.1	500.0	842.6	202716.8	173192.0	235151.7	4055.4	3468.6	4707.8	0.0	0.0	0.0	173192.0	235151.7	202716.8		0.8481981981981982		42.409909909909906		182.62774774774775		9131.387387387387		0.0
144	1.0	1110	0	1110	0.0	953.5	950	953.5	875.8	1027.5	618.0	476.5	839.0	198476.1	168040.3	230490.4	3969.5	3360.8	4609.8	0.0	0.0	0.0	168040.3	230490.4	198476.1		0.859009009009009		42.95045045045045		178.8072972972973		8940.364864864865		0.0
145	1.0	1110	0	1110	0.0	971.0	1000	971.0	892.0	1015.5	568.6	437.4	736.5	200888.0	172956.0	222593.0	4017.8	3468.8	4461.1	0.0	0.0	0.0	172956.0	222593.0	200888.0		0.8747747747747747		43.73873873873873		180.98018018018018		9049.009009009009		0.0
146	1.0	1110	0	1110	0.0	968.5	1050	968.5	897.5	1030.8	550.5	399.2	703.5	190500.2	162078.0	219201.2	3810.0	3246.4	4384.0	0.0	0.0	0.0	162078.0	219201.2	190500.2		0.8725225225225225		43.626126126126124		171.6218018018018		8581.09009009009		0.0
147	1.0	1110	0	1110	0.0	987.0	1100	987.0	904.2	1038.5	517.0	395.1	681.6	193776.4	160378.4	223251.2	3875.5	3214.2	4465.0	0.0	0.0	0.0	160378.4	223251.2	193776.4		0.8891891891891892		44.45945945945946		174.57333333333332		8728.666666666666		0.0
148	1.0	1110	0	1110	0.0	981.0	1150	981.0	919.8	1045.8	466.5	353.2	593.3	187434.3	155929.0	215593.3	3749.0	3121.4	4311.9	0.0	0.0	0.0	155929.0	215593.3	187434.3		0.8837837837837837		44.189189189189186		168.8597297297297		8442.986486486487		0.0
149	1.0	1110	0	1110	0.0	1001.0	1200	1001.0	915.0	1060.8	427.4	335.9	581.3	178076.0	154119.1	212165.0	3566.8	3091.4	4243.3	0.0	0.0	0.0	154119.1	212165.0	178076.0		0.9018018018018018		45.09009009009009		160.42882882882884		8021.441441441441		0.0
