Frac_B	N	N_a	N_b	Med_KE_A	Med_KE_B	Radius	Med_KE	Q1_KE	Q3_KE	Med_time	Q1_endtime	Q3_endtime	Med_AUDPC	Q1_AUDPC	Q3_AUDPC	Med_AUDPC_SPS	Q1_AUDPC_SPS	Q3_AUDPC_SPS	Q1_AUDPC_A	Q3_AUDPC_A	Med_AUDPC_A	Q1_AUDPC_B	Q3_AUDPC_B	Med_AUDPC_B
0.0	1110	1110	0	849.0	0.0	0	849.0	669.2	882.0	3321.6	3042.5	3724.2	328767.0	266003.3	346634.5	821.9	665.2	866.6	266003.3	346634.5	328767.0	0.0	0.0	0.0
0.0	1110	1110	0	711.5	0.0	50	711.5	571.8	755.0	2611.9	2256.2	3062.9	251046.4	202957.8	294879.8	627.8	508.0	737.2	202957.8	294879.8	251046.4	0.0	0.0	0.0
0.0	1110	1110	0	636.5	0.0	100	636.5	534.2	710.8	1593.2	1300.8	1986.1	186732.4	146331.4	227791.4	466.8	365.8	569.5	146331.4	227791.4	186732.4	0.0	0.0	0.0
0.0	1110	1110	0	602.0	0.0	150	602.0	533.0	711.0	1125.6	872.0	1469.3	135496.6	101184.0	179614.7	338.7	253.6	449.0	101184.0	179614.7	135496.6	0.0	0.0	0.0
0.0	1110	1110	0	655.0	0.0	200	655.0	556.0	735.8	856.3	610.4	1162.8	116949.1	89455.4	145910.8	292.6	223.6	364.8	89455.4	145910.8	116949.1	0.0	0.0	0.0
0.0	1110	1110	0	701.0	0.0	250	701.0	609.5	782.0	769.2	571.8	1073.7	114673.8	84324.3	143818.7	286.7	210.8	359.7	84324.3	143818.7	114673.8	0.0	0.0	0.0
0.0	1110	1110	0	772.0	0.0	300	772.0	640.2	825.0	578.1	426.1	811.4	109736.0	87670.5	138987.2	274.3	219.3	347.5	87670.5	138987.2	109736.0	0.0	0.0	0.0
0.0	1110	1110	0	809.5	0.0	350	809.5	672.2	860.0	596.1	378.6	832.2	111795.2	88308.3	136449.1	279.9	221.0	342.4	88308.3	136449.1	111795.2	0.0	0.0	0.0
0.0	1110	1110	0	814.5	0.0	400	814.5	697.2	882.0	492.9	330.8	743.2	111056.0	83894.6	137366.4	277.6	210.1	343.4	83894.6	137366.4	111056.0	0.0	0.0	0.0
0.0	1110	1110	0	865.5	0.0	450	865.5	741.8	913.0	470.0	275.5	694.9	115129.2	91475.5	145225.3	287.8	229.8	363.3	91475.5	145225.3	115129.2	0.0	0.0	0.0
0.0	1110	1110	0	883.0	0.0	500	883.0	743.2	933.0	429.5	257.3	691.9	109582.4	86416.4	135427.6	274.0	216.0	338.6	86416.4	135427.6	109582.4	0.0	0.0	0.0
0.0	1110	1110	0	909.5	0.0	550	909.5	768.0	952.0	405.2	227.7	645.0	109691.3	85722.5	138970.8	274.2	214.3	347.4	85722.5	138970.8	109691.3	0.0	0.0	0.0
0.0	1110	1110	0	919.0	0.0	600	919.0	799.8	962.8	365.5	232.0	626.4	110882.9	87613.9	142165.8	277.2	219.0	355.4	87613.9	142165.8	110882.9	0.0	0.0	0.0
0.0	1110	1110	0	944.5	0.0	650	944.5	814.2	979.0	346.6	233.7	626.3	115104.5	86561.8	141336.5	287.8	216.6	353.3	86561.8	141336.5	115104.5	0.0	0.0	0.0
0.0	1110	1110	0	967.5	0.0	700	967.5	881.5	995.0	332.8	212.7	539.7	113689.4	90753.6	136798.3	284.2	226.9	342.0	90753.6	136798.3	113689.4	0.0	0.0	0.0
0.0	1110	1110	0	970.5	0.0	750	970.5	901.5	1004.2	329.1	198.9	530.2	111970.2	85000.7	142566.9	279.9	212.5	356.4	85000.7	142566.9	111970.2	0.0	0.0	0.0
0.0	1110	1110	0	985.0	0.0	800	985.0	894.0	1016.8	294.5	180.1	496.1	111211.6	85494.0	141271.7	278.0	213.7	353.2	85494.0	141271.7	111211.6	0.0	0.0	0.0
0.0	1110	1110	0	997.5	0.0	850	997.5	941.5	1025.8	299.8	184.6	522.4	112878.9	85783.5	148347.0	283.1	214.6	370.9	85783.5	148347.0	112878.9	0.0	0.0	0.0
0.0	1110	1110	0	1002.0	0.0	900	1002.0	944.5	1038.5	261.0	159.6	441.4	107093.0	87586.7	139823.3	267.7	219.0	349.6	87586.7	139823.3	107093.0	0.0	0.0	0.0
0.0	1110	1110	0	1019.0	0.0	950	1019.0	975.8	1047.8	284.5	166.9	544.8	111607.2	86107.5	139422.9	279.0	215.3	348.6	86107.5	139422.9	111607.2	0.0	0.0	0.0
0.0	1110	1110	0	1024.0	0.0	1000	1024.0	972.2	1051.8	259.9	158.2	451.0	113010.6	82793.6	137640.0	283.4	207.9	344.1	82793.6	137640.0	113010.6	0.0	0.0	0.0
0.0	1110	1110	0	1031.0	0.0	1050	1031.0	980.2	1056.0	231.0	156.2	409.6	109954.8	84112.7	138418.6	274.9	210.3	346.0	84112.7	138418.6	109954.8	0.0	0.0	0.0
0.0	1110	1110	0	1041.0	0.0	1100	1041.0	1006.5	1063.8	243.1	146.3	416.2	112486.6	84781.6	137418.7	281.2	212.0	343.5	84781.6	137418.7	112486.6	0.0	0.0	0.0
0.0	1110	1110	0	1038.5	0.0	1150	1038.5	994.2	1066.8	230.1	139.6	408.9	105305.5	80009.7	136978.1	263.3	200.0	342.4	80009.7	136978.1	105305.5	0.0	0.0	0.0
0.0	1110	1110	0	1043.0	0.0	1200	1043.0	999.0	1072.8	223.4	138.8	375.7	109964.4	85257.1	135256.2	274.9	213.1	338.1	85257.1	135256.2	109964.4	0.0	0.0	0.0
0.2	1110	888	222	671.5	84.0	0	745.0	614.0	790.2	4816.3	4248.8	5622.0	305243.9	263979.5	334777.8	763.6	660.7	837.8	211403.2	275010.0	257691.5	42768.4	69662.2	56831.5
0.2	1110	888	222	502.0	43.0	50	547.5	470.0	626.8	3349.0	2811.8	3992.7	255789.3	204924.2	313374.0	639.5	512.5	784.2	169751.3	264028.5	216482.6	21888.2	62890.8	35769.5
0.2	1110	888	222	464.0	40.0	100	501.5	428.2	578.0	2006.9	1549.9	2633.7	176379.5	135160.5	236540.1	441.5	338.5	591.5	115939.3	200130.6	149128.4	10071.5	40994.5	23391.5
0.2	1110	888	222	470.5	46.0	150	510.5	433.5	585.0	1403.0	1117.8	1899.5	145628.5	105119.5	186148.0	364.8	263.4	466.1	88577.4	155148.1	117051.5	9729.0	40169.2	24638.0
0.2	1110	888	222	496.0	48.0	200	550.0	471.2	618.0	1069.5	797.0	1347.9	117721.1	93678.1	168176.7	294.9	234.2	420.5	72031.8	133105.6	94393.3	9681.2	36440.0	21318.5
0.2	1110	888	222	527.5	59.0	250	585.0	516.0	653.0	944.9	690.7	1275.7	114202.4	86341.8	147874.7	285.9	216.1	370.0	65763.7	119168.3	90424.6	10009.0	37804.2	23190.5
0.2	1110	888	222	555.5	63.0	300	631.0	558.5	699.0	842.6	629.3	1166.4	121890.3	94047.8	153299.5	305.2	235.9	383.9	71064.1	120232.5	96363.0	12257.0	37662.9	23761.0
0.2	1110	888	222	590.0	71.5	350	673.0	595.2	749.0	798.7	549.9	1141.0	122515.6	99398.8	153656.0	306.3	248.7	385.0	72759.7	122298.5	95328.7	12783.8	41552.8	26004.3
0.2	1110	888	222	655.0	70.5	400	721.0	620.2	786.0	755.5	508.4	1083.3	129031.9	102140.8	162309.3	323.2	255.9	406.2	74465.6	129856.4	101397.3	13153.3	39183.0	26122.9
0.2	1110	888	222	630.5	84.5	450	722.5	643.5	793.8	702.1	492.2	1000.4	121082.8	89669.9	149145.9	302.7	224.3	372.9	67829.4	116290.5	93728.1	14224.0	39805.5	25569.4
0.2	1110	888	222	678.0	95.0	500	771.0	661.5	844.0	761.8	469.4	992.6	130273.1	98488.1	171901.2	325.7	246.4	430.7	76416.0	132212.2	99316.7	15084.1	45696.0	28373.9
0.2	1110	888	222	710.0	97.5	550	795.5	709.2	853.8	661.3	421.3	925.1	126712.5	98990.4	168671.4	317.2	247.9	421.7	76361.6	129309.0	100228.0	15498.2	40769.1	27147.4
0.2	1110	888	222	705.5	108.0	600	806.5	713.0	875.5	644.8	403.2	922.2	128720.3	101008.1	164585.0	321.8	253.4	412.1	76440.4	123914.7	97045.0	14897.5	45882.7	29043.1
0.2	1110	888	222	749.5	109.0	650	831.0	734.2	903.8	575.6	410.4	850.2	133970.6	102805.5	165708.2	334.9	257.1	414.8	78260.8	129390.5	99813.0	13936.4	44775.5	26797.2
0.2	1110	888	222	768.5	124.0	700	862.5	772.0	925.8	582.6	369.8	861.9	136293.1	104566.7	178848.2	341.4	261.7	447.1	81198.7	131557.5	106594.0	16517.0	45236.7	30002.7
0.2	1110	888	222	780.0	127.5	750	878.0	801.0	936.0	578.5	335.4	862.0	132197.8	102809.0	181061.2	330.8	257.0	453.4	78581.4	133182.8	103997.5	16358.1	45885.2	29994.8
0.2	1110	888	222	791.0	137.0	800	901.5	809.2	961.0	551.2	331.6	794.8	139671.3	109149.9	177614.7	349.6	272.9	444.9	83894.0	137370.3	105047.9	16916.5	44101.5	29804.6
0.2	1110	888	222	787.0	147.5	850	907.5	821.2	968.0	497.7	300.1	799.9	136590.5	97244.6	168608.5	342.1	243.1	421.5	74958.6	130380.7	102213.5	16474.5	42364.1	27995.7
0.2	1110	888	222	797.0	149.0	900	927.0	839.2	977.8	481.8	278.4	719.7	132353.7	101722.7	164873.4	331.2	254.3	412.2	77286.5	130318.3	103818.9	17002.1	39810.2	27411.7
0.2	1110	888	222	813.0	158.0	950	948.5	862.0	998.8	442.5	250.8	722.1	127486.4	94487.5	161381.4	318.7	236.5	403.5	73369.3	128407.6	100172.1	16810.3	37175.6	23931.0
0.2	1110	888	222	821.0	170.5	1000	985.5	879.5	1023.0	443.2	265.7	687.5	137674.1	105306.0	168454.6	345.1	263.3	421.3	81434.3	129989.8	102999.1	18317.1	40390.0	27453.9
0.2	1110	888	222	821.0	169.0	1050	978.0	904.0	1023.0	397.3	253.5	655.2	125784.0	96260.7	169505.6	314.5	240.7	423.8	74958.0	129557.5	101704.8	17640.5	39512.9	26035.5
0.2	1110	888	222	826.0	175.0	1100	998.5	913.2	1035.0	395.5	227.2	644.2	127965.7	97730.3	165207.9	319.9	244.3	413.0	76518.2	129740.3	97618.4	17855.1	41049.2	26847.0
0.2	1110	888	222	834.5	180.5	1150	1016.5	937.5	1045.8	394.5	223.2	651.7	134263.4	101714.6	181359.7	335.7	254.3	453.4	77496.4	136047.2	102651.3	18875.9	41187.2	27698.3
0.2	1110	888	222	840.0	178.5	1200	1012.5	924.5	1047.0	370.3	211.8	617.4	132123.6	97518.0	176537.6	330.3	243.8	441.3	75578.4	137309.3	99108.9	17815.3	39138.1	26244.3
0.4	1110	666	444	387.5	268.0	0	698.0	601.8	771.8	4952.2	4354.7	5637.4	354193.0	303302.2	395746.3	886.4	759.0	989.4	138711.8	184968.6	154621.4	160784.2	230405.2	187587.5
0.4	1110	666	444	315.5	228.5	50	546.5	463.2	612.0	4077.0	3423.2	4815.4	339220.1	263720.8	416475.9	848.4	659.9	1041.2	131486.6	233726.6	169541.7	124520.0	200057.6	163860.6
0.4	1110	666	444	284.5	196.5	100	481.0	384.2	558.2	2620.2	2127.1	3161.9	250190.0	182344.9	320963.2	626.0	455.9	802.6	84402.1	160431.4	114455.5	80512.0	168089.9	123054.5
0.4	1110	666	444	300.5	181.5	150	473.0	391.5	546.8	1798.0	1309.1	2356.7	174618.6	132218.4	233219.5	436.7	330.7	583.3	59003.0	120955.7	83598.0	59908.0	123073.4	84103.8
0.4	1110	666	444	324.5	200.5	200	516.5	430.0	592.8	1337.5	1058.6	1842.9	160423.4	118779.7	222360.6	401.1	296.9	555.9	54642.0	111887.5	82676.0	48945.2	107493.1	79508.6
0.4	1110	666	444	345.5	195.5	250	535.5	454.5	608.8	1175.6	900.3	1605.0	154874.8	106628.3	193538.3	387.5	266.6	484.0	51007.9	104716.2	72288.3	44850.1	104046.4	73242.5
0.4	1110	666	444	372.0	208.0	300	570.5	502.0	662.0	1018.2	716.0	1363.0	148669.0	114193.2	196823.8	372.3	285.5	492.2	54950.5	101735.5	74186.2	49490.2	99075.1	71073.9
0.4	1110	666	444	392.5	224.0	350	617.0	548.8	690.8	928.7	642.7	1271.2	146657.4	117247.4	188712.2	367.0	293.5	471.8	56511.4	98634.2	77882.7	47857.2	100593.3	68345.4
0.4	1110	666	444	411.0	250.0	400	655.5	583.0	721.5	825.5	589.6	1177.4	157281.5	113193.1	195844.2	393.6	283.3	489.6	52777.5	102895.5	75569.4	47726.5	100451.4	72311.0
0.4	1110	666	444	435.0	241.5	450	678.5	595.5	760.8	714.4	525.1	987.8	157015.8	115000.1	202936.5	392.5	287.5	507.9	59429.8	108697.3	85035.9	47056.5	99524.5	69063.0
0.4	1110	666	444	444.0	268.5	500	704.5	638.5	781.8	712.3	540.8	993.3	157411.7	121086.7	206774.3	393.9	302.7	517.6	58406.6	111947.6	79716.9	46943.8	99118.1	73247.5
0.4	1110	666	444	471.0	274.5	550	752.0	673.5	827.8	680.3	485.9	946.7	163504.4	125820.0	206001.6	408.8	314.7	515.0	58220.4	107891.6	81965.7	51366.2	102466.7	79434.9
0.4	1110	666	444	464.0	283.0	600	746.0	672.2	814.8	654.7	467.3	964.6	157005.7	119861.9	202872.6	392.7	299.7	507.5	56165.2	107969.5	81093.0	48102.8	105023.7	71329.3
0.4	1110	666	444	492.5	296.0	650	790.5	713.2	865.8	669.9	435.9	880.0	166578.6	123171.6	210226.3	416.4	307.9	525.6	62321.1	114081.2	87091.7	52384.7	106342.7	76262.0
0.4	1110	666	444	498.5	306.0	700	814.0	720.0	883.0	599.4	419.9	884.7	159775.7	125617.3	207432.9	399.4	314.0	519.5	62630.8	111042.1	83788.9	50089.5	105332.5	74404.6
0.4	1110	666	444	508.0	310.5	750	828.5	751.5	905.0	624.7	449.3	885.1	166198.5	125713.3	220244.8	415.5	314.3	550.6	62627.6	117945.6	87777.2	50150.9	109301.4	73614.2
0.4	1110	666	444	537.0	307.0	800	862.0	779.2	917.8	576.4	406.3	823.5	169105.0	128887.3	216807.7	423.1	322.2	542.0	68761.0	119493.8	92045.7	53346.9	102827.9	72823.9
0.4	1110	666	444	530.0	327.5	850	873.5	784.0	939.8	553.5	364.5	873.9	155263.8	118405.7	212380.6	388.2	296.5	531.3	61761.3	113205.8	80847.3	47967.8	99066.0	73089.4
0.4	1110	666	444	543.0	336.0	900	895.0	811.0	947.0	538.4	367.2	820.0	166483.0	126409.0	214225.8	416.2	316.8	535.6	65345.1	113136.9	84636.6	53241.9	102853.4	74728.3
0.4	1110	666	444	572.0	329.0	950	902.0	815.2	958.0	543.4	337.5	755.3	166676.9	125140.6	208555.1	416.7	313.1	521.4	66657.9	115087.3	87054.6	45733.8	100932.4	71652.0
0.4	1110	666	444	555.0	342.5	1000	904.5	816.2	966.8	493.0	342.9	716.0	158456.8	116223.9	213881.5	396.1	291.1	535.0	59313.2	113413.8	82616.8	46582.3	102403.8	68477.9
0.4	1110	666	444	593.5	371.0	1050	936.0	856.2	1005.8	471.1	289.2	663.8	155823.7	119727.3	210045.0	389.6	299.6	525.1	63162.9	113714.1	85069.8	45082.5	100963.1	70422.7
0.4	1110	666	444	603.0	364.0	1100	944.0	850.2	1011.8	445.1	302.6	715.3	157925.9	118047.9	197225.7	394.9	295.1	493.1	61954.9	114484.0	85425.1	42238.2	93153.0	64636.3
0.4	1110	666	444	584.0	376.0	1150	937.5	860.5	1000.5	412.4	284.2	572.3	149614.0	107758.9	192933.6	374.0	269.4	482.3	56869.0	104148.0	80297.8	43083.1	91444.8	65164.0
0.4	1110	666	444	602.0	389.5	1200	948.5	881.2	1011.8	454.9	273.0	700.3	150458.5	106211.4	192980.9	377.0	265.9	482.5	58910.5	107154.6	80429.6	42128.9	86277.8	63957.8
0.6000000000000001	1110	444	666	188.0	409.0	0	602.5	512.0	701.2	4809.9	4219.0	5588.9	358952.8	298864.8	407730.4	897.7	747.7	1019.3	52417.2	99713.5	73243.9	236500.4	325100.1	279357.0
0.6000000000000001	1110	444	666	137.0	364.0	50	492.5	404.2	590.0	3933.6	3448.4	4368.5	304020.5	237007.5	371591.0	760.7	593.1	929.7	51467.8	130284.2	92228.5	171384.5	255128.0	208569.8
0.6000000000000001	1110	444	666	129.0	316.0	100	444.0	372.2	521.0	2752.3	2260.8	3357.7	234662.7	175837.5	304821.0	586.9	440.0	762.6	35068.8	96601.3	60935.0	126110.0	221059.3	165465.0
0.6000000000000001	1110	444	666	140.5	307.0	150	440.0	359.2	513.0	1857.4	1451.0	2466.5	184346.0	128119.8	240714.0	461.4	320.8	601.9	25711.4	79250.4	47528.0	85300.4	176680.1	130789.5
0.6000000000000001	1110	444	666	162.0	328.0	200	492.0	409.0	570.0	1618.7	1241.1	2108.7	174502.0	132702.1	225512.5	436.9	331.9	564.4	30200.8	71520.7	48089.5	88574.5	157372.0	122351.5
0.6000000000000001	1110	444	666	172.5	342.5	250	512.0	413.8	593.8	1313.0	972.5	1701.7	163069.5	121981.4	207086.5	408.4	305.1	518.4	30930.9	64718.5	46378.0	79753.8	147862.5	113295.0
0.6000000000000001	1110	444	666	198.0	370.0	300	553.5	474.2	626.5	1180.0	837.7	1517.9	170820.8	125304.2	214969.8	427.1	313.6	538.2	30738.8	63799.2	46371.0	87428.8	158860.8	116702.5
0.6000000000000001	1110	444	666	224.5	388.5	350	599.0	517.2	663.0	983.8	707.4	1325.0	165863.2	125440.5	210928.5	414.7	314.4	527.6	30319.7	69314.5	48714.1	79849.1	148336.5	113499.5
0.6000000000000001	1110	444	666	241.0	403.5	400	626.0	535.2	704.8	906.5	646.7	1242.0	171002.5	131599.2	214255.3	428.2	329.8	535.6	33216.5	75124.5	50766.8	81087.4	152208.8	113958.2
0.6000000000000001	1110	444	666	245.5	414.5	450	643.5	560.2	712.0	884.9	601.9	1150.9	173348.9	136587.8	216612.4	433.4	342.3	541.9	35901.5	75995.6	52990.2	87390.7	152112.6	114707.0
0.6000000000000001	1110	444	666	263.0	427.0	500	680.0	589.2	749.8	771.5	539.3	1103.8	177574.3	139504.5	217184.9	444.4	348.9	543.1	36640.9	76914.0	55145.7	88320.4	154136.3	118635.5
0.6000000000000001	1110	444	666	282.5	439.0	550	697.0	623.2	774.8	712.5	499.3	1004.7	179542.6	140823.7	221322.3	449.1	352.5	554.2	41891.2	80534.4	60518.8	87897.0	154143.2	118217.3
0.6000000000000001	1110	444	666	289.0	457.0	600	737.0	648.0	820.2	705.1	501.8	988.4	184258.7	145316.9	220436.5	460.6	363.4	551.9	41479.8	75702.5	57585.9	89300.6	157561.8	122545.6
0.6000000000000001	1110	444	666	300.5	464.5	650	756.0	682.2	843.0	653.2	461.8	879.6	189102.9	151890.6	232610.1	472.8	380.1	582.4	42806.9	79218.3	58954.7	94766.7	163981.6	130741.9
0.6000000000000001	1110	444	666	303.5	476.5	700	778.0	697.2	859.5	606.7	443.9	845.9	187522.0	151110.0	238532.5	468.8	378.4	596.3	43939.6	81133.3	64311.4	95950.0	161076.8	129508.6
0.6000000000000001	1110	444	666	313.5	499.0	750	810.0	699.8	902.5	617.1	435.4	829.3	187958.5	141944.3	237918.2	471.1	354.9	595.5	43498.6	82382.1	59360.1	92196.1	171739.1	130245.9
0.6000000000000001	1110	444	666	321.5	511.5	800	820.0	748.0	905.0	586.7	414.5	867.2	194099.6	153382.8	250349.4	486.2	384.4	626.3	47346.6	87105.5	62257.9	95589.7	164437.0	133156.9
0.6000000000000001	1110	444	666	336.0	507.5	850	861.5	767.5	927.8	581.2	422.8	872.1	198553.7	151609.5	244673.2	496.4	379.0	611.7	44050.5	90749.8	65774.8	97639.9	165754.1	131534.2
0.6000000000000001	1110	444	666	341.5	537.0	900	875.0	793.0	952.2	550.9	411.4	745.5	202426.8	159463.3	248978.8	506.1	398.7	624.1	48551.0	92019.4	65104.1	100064.5	168617.8	134115.6
0.6000000000000001	1110	444	666	339.0	544.5	950	880.0	796.5	954.2	561.8	389.1	771.4	197864.8	143388.0	251037.9	494.9	359.5	627.6	46712.1	87149.4	64711.9	88934.5	163318.4	130161.5
0.6000000000000001	1110	444	666	348.0	536.0	1000	899.5	812.2	962.8	525.0	386.9	729.2	194655.1	149773.0	243165.1	487.0	374.8	607.9	45505.5	88804.4	64920.1	95256.6	158429.6	124390.5
0.6000000000000001	1110	444	666	376.5	553.5	1050	914.0	822.5	982.8	484.8	346.7	706.2	198571.1	151727.5	257475.6	496.4	379.3	644.0	49713.5	91795.5	68473.4	90209.9	169896.0	127114.6
0.6000000000000001	1110	444	666	399.0	575.0	1100	930.5	846.2	1014.8	488.9	354.5	633.9	189126.2	142914.7	242044.0	472.8	357.3	605.1	45333.2	84726.0	65937.9	89190.8	161130.4	123709.0
0.6000000000000001	1110	444	666	404.5	577.0	1150	940.5	875.5	1022.0	474.3	332.3	701.0	196381.0	142145.5	253852.7	491.4	356.0	634.6	47436.0	94359.2	70888.6	88500.8	165265.1	119399.9
0.6000000000000001	1110	444	666	410.5	590.0	1200	962.0	857.0	1039.2	496.4	337.4	717.1	194664.2	143335.0	253421.1	486.7	358.3	633.6	52192.8	93268.5	68684.4	92481.4	162571.5	125299.5
0.8	1110	222	888	89.0	712.0	0	790.0	677.0	842.5	4552.5	4093.4	5210.2	502276.3	435658.7	539529.0	1256.2	1089.4	1349.0	20888.2	41934.3	34398.3	399561.0	501281.4	471046.0
0.8	1110	222	888	75.0	629.0	50	671.0	594.8	773.0	3946.0	3528.3	4577.7	345576.9	289834.0	402090.8	864.2	724.6	1005.4	27198.0	59932.0	44232.7	246569.1	350247.7	307595.1
0.8	1110	222	888	67.0	572.5	100	634.5	533.0	712.5	2934.2	2489.1	3466.0	300123.1	244432.6	351018.3	750.7	611.3	877.8	19597.4	54065.2	38287.1	208673.9	307133.9	261131.7
0.8	1110	222	888	63.5	534.0	150	602.0	510.0	701.0	2194.4	1779.7	2808.9	242386.1	192533.8	315080.9	606.3	482.1	788.6	13125.2	46638.0	28932.3	165736.2	271066.0	212104.4
0.8	1110	222	888	71.0	534.5	200	617.5	528.5	688.8	1696.3	1399.5	2123.0	208414.4	162276.8	260509.1	521.4	406.1	652.1	16229.8	41765.8	27323.0	142986.0	227813.8	174386.2
0.8	1110	222	888	73.5	530.0	250	615.0	540.0	696.5	1501.9	1114.8	1901.1	195640.3	149386.1	231406.5	489.3	373.9	578.8	12757.5	36328.2	23149.1	133503.0	201141.0	166496.9
0.8	1110	222	888	84.5	572.0	300	655.0	575.8	746.0	1297.9	1009.6	1692.1	188229.2	150823.0	235447.4	471.0	377.1	588.6	12286.3	34941.4	22560.1	130156.6	204929.5	163906.2
0.8	1110	222	888	92.0	591.5	350	694.0	582.8	778.8	1125.5	875.4	1427.8	184288.1	150134.8	228861.8	461.4	375.6	572.4	15137.7	36102.6	25424.5	128503.3	198855.6	157384.3
0.8	1110	222	888	97.0	631.0	400	716.5	619.5	803.8	958.7	711.8	1329.5	181324.5	143377.8	223059.8	454.2	359.5	557.6	15561.2	35252.0	24249.1	120807.9	194422.7	153150.4
0.8	1110	222	888	101.5	634.5	450	731.5	650.5	829.0	933.4	633.3	1224.9	182264.8	147877.0	227335.2	456.2	370.5	569.4	17514.0	36755.4	26041.8	124467.7	197471.4	155595.5
0.8	1110	222	888	110.5	660.0	500	755.5	676.5	849.0	789.6	530.8	1227.0	181240.0	139948.5	232908.0	453.7	350.9	582.3	15556.5	37857.5	26301.9	121362.8	199300.0	154341.8
0.8	1110	222	888	114.0	695.5	550	788.0	695.2	869.0	773.8	501.6	1076.0	184359.5	150147.2	232049.0	461.5	376.5	580.3	18320.9	35374.1	26721.4	124500.0	202255.3	155092.9
0.8	1110	222	888	123.5	702.5	600	815.0	700.0	890.5	701.2	477.5	1043.9	185533.4	150057.6	239732.5	464.5	375.4	600.0	19321.6	39538.6	27743.3	126948.9	204466.1	159610.2
0.8	1110	222	888	131.0	709.5	650	818.5	721.2	908.8	686.8	473.7	1007.6	194706.9	150317.9	240141.5	486.8	376.0	600.5	19713.5	40112.2	27605.4	126671.4	202900.0	163783.1
0.8	1110	222	888	133.0	745.5	700	859.0	744.5	921.5	627.5	409.5	923.3	185030.4	149484.8	224331.4	462.6	374.3	561.6	18490.7	36085.3	26984.6	124941.2	189750.0	153421.1
0.8	1110	222	888	138.0	754.0	750	871.5	754.5	943.8	618.1	411.7	878.7	188670.0	153429.2	238172.3	472.1	384.2	595.4	20032.7	41524.3	29972.1	130316.9	198971.8	160921.7
0.8	1110	222	888	142.0	765.5	800	896.0	785.2	945.5	636.8	429.2	955.6	190666.5	154616.1	240859.8	477.1	386.5	603.0	19515.7	42725.8	29741.1	129242.2	197945.1	159083.9
0.8	1110	222	888	155.0	776.5	850	923.5	813.2	969.5	530.3	371.8	778.0	194522.2	155486.5	238567.6	486.3	389.5	596.6	22028.3	44229.5	31826.7	126095.0	200181.5	158606.0
0.8	1110	222	888	153.0	784.0	900	929.5	810.2	974.0	564.8	367.5	864.8	189470.3	153833.2	239646.8	473.7	385.1	599.1	22053.5	40252.7	30641.7	124993.8	195227.7	158852.9
0.8	1110	222	888	160.5	784.5	950	932.0	812.0	988.8	531.6	347.5	849.1	198180.5	148700.7	239005.3	496.4	371.8	597.8	21015.7	45213.8	30836.6	121867.0	196577.2	163561.0
0.8	1110	222	888	167.0	809.5	1000	966.5	859.0	1001.0	536.6	363.6	777.0	197310.5	158617.3	247846.7	494.2	396.7	620.5	23718.3	45721.0	33018.8	129431.5	200578.7	159724.5
0.8	1110	222	888	170.0	814.5	1050	980.0	859.2	1020.0	503.4	342.9	775.1	195621.9	157678.9	242476.2	489.1	394.2	606.3	22584.7	47615.8	33293.7	128829.5	198431.2	164204.5
0.8	1110	222	888	175.0	825.5	1100	983.5	872.2	1028.0	463.2	325.3	643.4	197119.9	145841.4	246782.4	492.8	364.7	617.0	23100.8	45728.3	33310.0	121201.2	203526.3	156300.2
0.8	1110	222	888	181.0	834.5	1150	1002.0	935.0	1038.0	488.4	325.6	754.5	202026.5	151359.7	252990.6	505.4	378.4	632.9	23519.7	47817.2	34388.8	124430.3	202743.9	164803.7
0.8	1110	222	888	181.0	834.5	1200	1010.5	889.2	1037.8	448.6	320.1	718.9	188449.5	138642.1	231761.2	471.6	346.6	579.4	20960.1	42249.3	31562.3	113840.9	189631.9	154726.2
1.0	1110	0	1110	0.0	936.5	0	936.5	831.0	961.0	4262.7	3904.6	4833.5	630051.7	566544.5	653745.3	1575.7	1417.4	1634.4	0.0	0.0	0.0	566544.5	653745.3	630051.7
1.0	1110	0	1110	0.0	865.5	50	865.5	763.8	902.0	3843.0	3380.6	4354.4	355570.8	312274.5	386923.5	889.0	781.8	968.4	0.0	0.0	0.0	312274.5	386923.5	355570.8
1.0	1110	0	1110	0.0	818.5	100	818.5	710.2	877.8	3003.7	2598.6	3615.1	316644.5	261699.3	361246.6	792.6	655.0	903.1	0.0	0.0	0.0	261699.3	361246.6	316644.5
1.0	1110	0	1110	0.0	807.0	150	807.0	693.2	864.0	2259.9	1906.4	2877.1	276776.3	228765.5	318547.6	692.4	572.1	796.6	0.0	0.0	0.0	228765.5	318547.6	276776.3
1.0	1110	0	1110	0.0	799.0	200	799.0	685.2	857.0	1863.7	1502.9	2336.7	239744.0	196324.2	283911.5	599.4	491.6	710.1	0.0	0.0	0.0	196324.2	283911.5	239744.0
1.0	1110	0	1110	0.0	803.0	250	803.0	699.0	862.0	1533.8	1160.1	1968.8	205401.7	164861.0	248767.8	514.0	412.8	621.9	0.0	0.0	0.0	164861.0	248767.8	205401.7
1.0	1110	0	1110	0.0	815.0	300	815.0	701.2	875.5	1286.8	988.7	1723.8	186019.0	156112.4	240655.6	465.0	390.3	602.5	0.0	0.0	0.0	156112.4	240655.6	186019.0
1.0	1110	0	1110	0.0	853.0	350	853.0	730.2	901.8	1184.2	875.1	1604.1	190612.3	159155.2	234743.1	477.1	398.1	586.9	0.0	0.0	0.0	159155.2	234743.1	190612.3
1.0	1110	0	1110	0.0	876.0	400	876.0	734.5	917.8	1014.3	716.4	1416.7	181577.6	142794.3	218877.3	453.9	357.0	547.2	0.0	0.0	0.0	142794.3	218877.3	181577.6
1.0	1110	0	1110	0.0	895.0	450	895.0	749.8	941.8	883.0	589.3	1205.6	186333.0	151642.8	229723.9	465.8	379.1	574.7	0.0	0.0	0.0	151642.8	229723.9	186333.0
1.0	1110	0	1110	0.0	906.0	500	906.0	783.5	949.8	775.9	497.6	1155.2	182566.2	147342.2	221430.1	456.4	369.0	553.8	0.0	0.0	0.0	147342.2	221430.1	182566.2
1.0	1110	0	1110	0.0	933.0	550	933.0	805.2	968.8	719.0	501.1	1084.0	180058.9	146982.8	216694.6	450.1	367.9	541.7	0.0	0.0	0.0	146982.8	216694.6	180058.9
1.0	1110	0	1110	0.0	937.5	600	937.5	806.2	972.0	600.2	409.2	1016.4	182036.0	148902.4	217330.2	455.1	373.1	543.6	0.0	0.0	0.0	148902.4	217330.2	182036.0
1.0	1110	0	1110	0.0	949.0	650	949.0	815.2	984.8	651.7	366.1	1063.6	182880.2	154871.6	218957.5	457.2	387.8	548.5	0.0	0.0	0.0	154871.6	218957.5	182880.2
1.0	1110	0	1110	0.0	965.0	700	965.0	840.2	994.0	658.8	391.3	1028.7	185147.1	152065.6	227920.8	463.4	380.2	569.8	0.0	0.0	0.0	152065.6	227920.8	185147.1
1.0	1110	0	1110	0.0	984.0	750	984.0	897.5	1004.8	619.4	388.0	943.4	187225.5	154776.3	224633.3	469.6	387.3	562.2	0.0	0.0	0.0	154776.3	224633.3	187225.5
1.0	1110	0	1110	0.0	995.0	800	995.0	914.0	1015.0	596.4	354.2	928.1	190122.4	156490.5	239449.2	475.3	391.2	599.0	0.0	0.0	0.0	156490.5	239449.2	190122.4
1.0	1110	0	1110	0.0	998.0	850	998.0	905.8	1020.0	497.0	340.0	731.2	190448.4	148231.9	228199.2	476.4	370.6	571.5	0.0	0.0	0.0	148231.9	228199.2	190448.4
1.0	1110	0	1110	0.0	1007.5	900	1007.5	946.5	1031.0	525.5	304.4	909.1	188787.2	150981.1	233721.9	472.0	378.3	584.3	0.0	0.0	0.0	150981.1	233721.9	188787.2
1.0	1110	0	1110	0.0	1007.0	950	1007.0	886.2	1032.0	492.1	308.6	820.2	185666.9	149081.2	226702.6	464.2	374.0	566.8	0.0	0.0	0.0	149081.2	226702.6	185666.9
1.0	1110	0	1110	0.0	1024.0	1000	1024.0	917.0	1040.8	448.1	296.0	763.9	177349.7	141257.2	221590.1	443.4	353.1	554.0	0.0	0.0	0.0	141257.2	221590.1	177349.7
1.0	1110	0	1110	0.0	1024.0	1050	1024.0	941.2	1044.8	431.3	279.7	762.0	180867.1	144898.3	216691.8	452.2	362.2	541.7	0.0	0.0	0.0	144898.3	216691.8	180867.1
1.0	1110	0	1110	0.0	1034.5	1100	1034.5	960.2	1053.0	409.1	288.0	756.4	180695.8	148117.8	215156.2	451.7	370.3	537.9	0.0	0.0	0.0	148117.8	215156.2	180695.8
1.0	1110	0	1110	0.0	1042.0	1150	1042.0	1006.5	1065.8	409.2	281.9	666.4	179527.7	146664.4	226806.3	449.5	366.7	567.0	0.0	0.0	0.0	146664.4	226806.3	179527.7
1.0	1110	0	1110	0.0	1045.0	1200	1045.0	1014.0	1063.0	410.4	289.5	632.8	184537.9	148218.6	222085.3	461.3	370.5	555.2	0.0	0.0	0.0	148218.6	222085.3	184537.9
